226
512, 55, 0, 0
512, 55, 0, 0
512, 55, 0, 0
512, 55, 0, 0
512, 55, 0, 0
505, 55, 7, 0
488, 55, 24, 0
488, 55, 24, 0
488, 55, 24, 0
0, 6, 512, 49
488, 55, 24, 0
0, 1, 512, 54
488, 55, 24, 0
488, 55, 24, 0
0, 0, 512, 55
505, 55, 7, 0
505, 55, 7, 0
151, 12, 361, 43
0, 0, 512, 55
151, 12, 361, 43
1, 0, 511, 55
150, 12, 362, 43
150, 12, 362, 43
150, 12, 362, 43
150, 12, 362, 43
504, 55, 8, 0
150, 12, 362, 43
504, 55, 8, 0
503, 51, 9, 4
79, 0, 433, 55
424, 51, 88, 4
504, 55, 8, 0
503, 51, 9, 4
121, 0, 391, 55
382, 51, 130, 4
504, 55, 8, 0
122, 0, 390, 55
3, 0, 509, 55
119, 0, 393, 55
1, 0, 511, 55
118, 0, 394, 55
0, 0, 512, 55
118, 0, 394, 55
0, 0, 512, 55
118, 0, 394, 55
1, 0, 511, 55
499, 55, 13, 0
0, 0, 512, 55
499, 55, 13, 0
0, 0, 512, 55
0, 0, 512, 55
499, 55, 13, 0
250, 55, 262, 0
250, 55, 262, 0
250, 55, 262, 0
250, 55, 262, 0
250, 55, 262, 0
249, 0, 263, 55
249, 0, 263, 55
249, 0, 263, 55
499, 55, 13, 0
499, 52, 13, 3
498, 52, 14, 3
0, 0, 512, 55
498, 52, 14, 3
498, 52, 14, 3
498, 52, 14, 3
499, 52, 13, 3
499, 52, 13, 3
0, 0, 512, 55
499, 52, 13, 3
499, 55, 13, 0
1, 0, 511, 55
498, 55, 14, 0
0, 1, 512, 54
0, 0, 512, 55
0, 1, 512, 54
0, 1, 512, 54
0, 1, 512, 54
0, 1, 512, 54
0, 1, 512, 54
0, 1, 512, 54
0, 1, 512, 54
0, 1, 512, 54
0, 1, 512, 54
0, 1, 512, 54
0, 1, 512, 54
0, 1, 512, 54
0, 1, 512, 54
0, 1, 512, 54
0, 1, 512, 54
0, 1, 512, 54
0, 1, 512, 54
0, 0, 512, 55
0, 1, 512, 54
0, 1, 512, 54
0, 1, 512, 54
498, 55, 14, 0
1, 0, 511, 55
498, 55, 14, 0
498, 55, 14, 0
510, 55, 2, 0
510, 55, 2, 0
0, 2, 512, 53
0, 0, 512, 55
0, 2, 512, 53
0, 0, 512, 55
510, 55, 2, 0
11, 0, 501, 55
0, 0, 512, 55
11, 0, 501, 55
0, 0, 512, 55
11, 0, 501, 55
0, 0, 512, 55
510, 55, 2, 0
0, 5, 512, 50
0, 0, 512, 55
0, 5, 512, 50
0, 0, 512, 55
0, 5, 512, 50
0, 5, 512, 50
0, 0, 512, 55
0, 5, 512, 50
0, 0, 512, 55
510, 55, 2, 0
3, 6, 509, 49
3, 6, 509, 49
3, 6, 509, 49
0, 0, 512, 55
3, 6, 509, 49
0, 3, 512, 52
3, 6, 509, 49
0, 2, 512, 53
3, 6, 509, 49
0, 2, 512, 53
3, 6, 509, 49
0, 2, 512, 53
3, 6, 509, 49
0, 2, 512, 53
3, 6, 509, 49
0, 0, 512, 55
3, 6, 509, 49
0, 2, 512, 53
3, 6, 509, 49
0, 2, 512, 53
3, 6, 509, 49
3, 6, 509, 49
3, 6, 509, 49
0, 2, 512, 53
3, 6, 509, 49
2, 1, 510, 54
3, 6, 509, 49
1, 5, 511, 50
3, 6, 509, 49
0, 2, 512, 53
3, 6, 509, 49
1, 3, 511, 52
3, 6, 509, 49
0, 0, 512, 55
3, 6, 509, 49
0, 1, 512, 54
3, 5, 509, 50
3, 6, 509, 49
3, 6, 509, 49
3, 0, 509, 55
3, 6, 509, 49
1, 0, 511, 55
3, 6, 509, 49
1, 0, 511, 55
3, 6, 509, 49
2, 6, 510, 49
3, 6, 509, 49
2, 6, 510, 49
3, 6, 509, 49
2, 0, 510, 55
3, 6, 509, 49
0, 0, 512, 55
3, 6, 509, 49
0, 1, 512, 54
3, 6, 509, 49
0, 0, 512, 55
3, 6, 509, 49
3, 6, 509, 49
3, 6, 509, 49
3, 6, 509, 49
3, 6, 509, 49
2, 0, 510, 55
1, 6, 511, 49
0, 0, 512, 55
1, 6, 511, 49
3, 6, 509, 49
0, 0, 512, 55
3, 6, 509, 49
3, 6, 509, 49
3, 6, 509, 49
2, 0, 510, 55
1, 6, 511, 49
3, 6, 509, 49
3, 6, 509, 49
3, 6, 509, 49
1, 0, 511, 55
1, 0, 511, 55
2, 6, 510, 49
2, 6, 510, 49
2, 6, 510, 49
2, 6, 510, 49
2, 6, 510, 49
2, 6, 510, 49
2, 6, 510, 49
3, 6, 509, 49
2, 6, 510, 49
2, 6, 510, 49
3, 6, 509, 49
2, 6, 510, 49
2, 6, 510, 49
3, 6, 509, 49
3, 6, 509, 49
3, 6, 509, 49
510, 55, 2, 0
512, 55, 0, 0
512, 55, 0, 0
512, 55, 0, 0
512, 55, 0, 0
512, 55, 0, 0
512, 55, 0, 0
512, 55, 0, 0
512, 55, 0, 0
512, 55, 0, 0
512, 55, 0, 0
512, 55, 0, 0
512, 55, 0, 0
512, 55, 0, 0
512, 55, 0, 0
512, 55, 0, 0
512, 55, 0, 0
512, 55, 0, 0
512, 55, 0, 0
512, 55, 0, 0
512, 55, 0, 0
0, 0, 512, 55
512, 55, 0, 0
512, 55, 0, 0
512, 55, 0, 0
512, 55, 0, 0
506, 44, 6, 11
0, 0, 512, 55
0, 0, 512, 55
0, 0, 512, 55
0, 0, 512, 55
0, 0, 512, 55
0, 0, 512, 55
0, 0, 512, 55
0, 0, 512, 55
506, 44, 6, 11
506, 44, 6, 11
0, 0, 512, 55
0, 0, 512, 55
0, 2, 512, 53
0, 2, 512, 53
0, 5, 512, 50
0, 5, 512, 50
0, 1, 512, 54
477, 0, 35, 55
1, 0, 511, 55
476, 0, 36, 55
476, 0, 36, 55
476, 0, 36, 55
476, 0, 36, 55
476, 0, 36, 55
476, 0, 36, 55
474, 0, 38, 55
243, 0, 269, 55
243, 0, 269, 55
243, 0, 269, 55
243, 0, 269, 55
15, 0, 497, 55
15, 0, 497, 55
18, 0, 494, 55
18, 0, 494, 55
163, 0, 349, 55
163, 0, 349, 55
242, 0, 270, 55
242, 0, 270, 55
1, 0, 511, 55
475, 0, 37, 55
240, 12, 272, 43
240, 12, 272, 43
84, 0, 428, 55
84, 0, 428, 55
84, 0, 428, 55
80, 0, 432, 55
80, 0, 432, 55
80, 0, 432, 55
1, 0, 511, 55
1, 0, 511, 55
1, 2, 511, 53
1, 2, 511, 53
0, 3, 512, 52
0, 3, 512, 52
151, 12, 361, 43
151, 12, 361, 43
0, 3, 512, 52
0, 3, 512, 52
0, 1, 512, 54
1, 0, 511, 55
0, 0, 512, 55
1, 0, 511, 55
1, 0, 511, 55
1, 0, 511, 55
1, 3, 511, 52
1, 0, 511, 55
0, 3, 512, 52
0, 3, 512, 52
7, 7, 505, 48
7, 7, 505, 48
2, 2, 510, 53
1, 0, 511, 55
1, 2, 511, 53
1, 2, 511, 53
0, 3, 512, 52
0, 3, 512, 52
0, 3, 512, 52
0, 3, 512, 52
9, 13, 503, 42
9, 13, 503, 42
3, 6, 509, 49
3, 6, 509, 49
1, 0, 511, 55
1, 0, 511, 55
0, 3, 512, 52
0, 3, 512, 52
1, 2, 511, 53
1, 2, 511, 53
0, 2, 512, 53
0, 2, 512, 53
0, 0, 512, 55
0, 0, 512, 55
503, 44, 9, 11
506, 55, 6, 0
506, 55, 6, 0
506, 55, 6, 0
505, 55, 7, 0
505, 55, 7, 0
505, 55, 7, 0
505, 55, 7, 0
505, 55, 7, 0
505, 55, 7, 0
505, 55, 7, 0
505, 55, 7, 0
505, 55, 7, 0
505, 55, 7, 0
505, 55, 7, 0
505, 55, 7, 0
505, 55, 7, 0
505, 55, 7, 0
505, 55, 7, 0
1, 0, 511, 55
1, 0, 511, 55
496, 55, 16, 0
6, 0, 506, 55
490, 55, 22, 0
0, 5, 512, 50
0, 5, 512, 50
0, 0, 512, 55
490, 50, 22, 5
490, 55, 22, 0
149, 12, 363, 43
341, 43, 171, 12
0, 0, 512, 55
490, 55, 22, 0
149, 12, 363, 43
341, 43, 171, 12
0, 0, 512, 55
490, 55, 22, 0
5, 7, 507, 48
0, 2, 512, 53
0, 2, 512, 53
5, 5, 507, 50
0, 0, 512, 55
5, 7, 507, 48
0, 1, 512, 54
0, 1, 512, 54
0, 1, 512, 54
0, 0, 512, 55
5, 7, 507, 48
2, 3, 510, 52
5, 7, 507, 48
0, 1, 512, 54
490, 55, 22, 0
153, 15, 359, 40
490, 55, 22, 0
29, 4, 483, 51
490, 55, 22, 0
2, 0, 510, 55
2, 0, 510, 55
0, 0, 512, 55
0, 0, 512, 55
0, 0, 512, 55
488, 55, 24, 0
151, 17, 361, 38
488, 55, 24, 0
0, 0, 512, 55
0, 0, 512, 55
488, 55, 24, 0
240, 12, 272, 43
488, 55, 24, 0
414, 53, 98, 2
74, 2, 438, 53
488, 55, 24, 0
0, 0, 512, 55
0, 0, 512, 55
0, 0, 512, 55
488, 55, 24, 0
0, 0, 512, 55
0, 0, 512, 55
0, 0, 512, 55
0, 0, 512, 55
0, 0, 512, 55
0, 0, 512, 55
0, 0, 512, 55
0, 0, 512, 55
0, 0, 512, 55
488, 55, 24, 0
488, 55, 24, 0
92, 0, 420, 55
396, 55, 116, 0
396, 55, 116, 0
488, 55, 24, 0
240, 12, 272, 43
488, 55, 24, 0
149, 12, 363, 43
488, 55, 24, 0
149, 12, 363, 43
149, 12, 363, 43
488, 55, 24, 0
0, 0, 512, 55
0, 0, 512, 55
0, 0, 512, 55
0, 0, 512, 55
0, 0, 512, 55
0, 0, 512, 55
0, 0, 512, 55
0, 0, 512, 55
488, 55, 24, 0
149, 12, 363, 43
339, 43, 173, 12
339, 43, 173, 12
488, 55, 24, 0
0, 0, 512, 55
488, 55, 24, 0
241, 55, 271, 0
247, 0, 265, 55
488, 55, 24, 0
488, 55, 24, 0
488, 55, 24, 0
241, 55, 271, 0
488, 55, 24, 0
505, 55, 7, 0
505, 55, 7, 0
505, 55, 7, 0
505, 55, 7, 0
505, 55, 7, 0
505, 55, 7, 0
505, 55, 7, 0
505, 55, 7, 0
505, 55, 7, 0
505, 55, 7, 0
505, 55, 7, 0
505, 55, 7, 0
505, 55, 7, 0
505, 55, 7, 0
505, 55, 7, 0
505, 55, 7, 0
505, 55, 7, 0
505, 55, 7, 0
505, 55, 7, 0
505, 55, 7, 0
505, 55, 7, 0
505, 55, 7, 0
505, 55, 7, 0
505, 55, 7, 0
505, 55, 7, 0
505, 55, 7, 0
505, 55, 7, 0
505, 55, 7, 0
505, 55, 7, 0
505, 55, 7, 0
505, 55, 7, 0
505, 55, 7, 0
505, 55, 7, 0
505, 55, 7, 0
505, 55, 7, 0
505, 55, 7, 0
505, 55, 7, 0
505, 55, 7, 0
505, 55, 7, 0
505, 55, 7, 0
505, 55, 7, 0
505, 55, 7, 0
505, 55, 7, 0
1, 0, 511, 55
1, 0, 511, 55
1, 0, 511, 55
1, 0, 511, 55
1, 0, 511, 55
1, 0, 511, 55
1, 0, 511, 55
1, 0, 511, 55
1, 0, 511, 55
1, 0, 511, 55
1, 0, 511, 55
1, 0, 511, 55
1, 0, 511, 55
1, 0, 511, 55
1, 0, 511, 55
1, 0, 511, 55
1, 0, 511, 55
1, 0, 511, 55
1, 0, 511, 55
1, 0, 511, 55
1, 0, 511, 55
1, 0, 511, 55
1, 0, 511, 55
1, 0, 511, 55
1, 0, 511, 55
1, 0, 511, 55
1, 0, 511, 55
1, 0, 511, 55
1, 0, 511, 55
1, 0, 511, 55
1, 0, 511, 55
1, 0, 511, 55
1, 0, 511, 55
1, 0, 511, 55
1, 0, 511, 55
1, 0, 511, 55
1, 0, 511, 55
1, 0, 511, 55
1, 0, 511, 55
1, 0, 511, 55
1, 0, 511, 55
1, 0, 511, 55
391, 40, 121, 15
391, 40, 121, 15
391, 40, 121, 15
391, 40, 121, 15
391, 40, 121, 15
389, 39, 123, 16
2, 1, 510, 54
391, 40, 121, 15
391, 40, 121, 15
2, 0, 510, 55
2, 0, 510, 55
2, 0, 510, 55
391, 40, 121, 15
391, 40, 121, 15
496, 55, 16, 0
496, 55, 16, 0
2, 0, 510, 55
2, 0, 510, 55
2, 0, 510, 55
2, 0, 510, 55
2, 0, 510, 55
496, 55, 16, 0
496, 55, 16, 0
391, 40, 121, 15
496, 55, 16, 0
496, 55, 16, 0
496, 55, 16, 0
496, 55, 16, 0
496, 55, 16, 0
496, 55, 16, 0
0, 4, 512, 51
0, 4, 512, 51
0, 4, 512, 51
0, 4, 512, 51
0, 4, 512, 51
0, 4, 512, 51
0, 4, 512, 51
0, 4, 512, 51
0, 4, 512, 51
0, 4, 512, 51
0, 4, 512, 51
0, 4, 512, 51
0, 4, 512, 51
488, 55, 24, 0
488, 55, 24, 0
476, 38, 36, 17
476, 38, 36, 17
0, 4, 512, 51
0, 4, 512, 51
0, 4, 512, 51
0, 4, 512, 51
488, 55, 24, 0
29, 4, 483, 51
29, 4, 483, 51
29, 4, 483, 51
29, 4, 483, 51
29, 4, 483, 51
29, 4, 483, 51
29, 4, 483, 51
29, 4, 483, 51
29, 4, 483, 51
29, 4, 483, 51
29, 4, 483, 51
0, 4, 512, 51
0, 4, 512, 51
0, 4, 512, 51
0, 4, 512, 51
0, 4, 512, 51
0, 4, 512, 51
0, 4, 512, 51
0, 4, 512, 51
0, 4, 512, 51
0, 4, 512, 51
0, 4, 512, 51
0, 4, 512, 51
0, 4, 512, 51
0, 4, 512, 51
0, 4, 512, 51
0, 4, 512, 51
0, 4, 512, 51
0, 4, 512, 51
0, 4, 512, 51
0, 4, 512, 51
0, 4, 512, 51
0, 4, 512, 51
0, 4, 512, 51
0, 4, 512, 51
0, 4, 512, 51
0, 4, 512, 51
0, 4, 512, 51
0, 4, 512, 51
0, 4, 512, 51
0, 4, 512, 51
0, 4, 512, 51
0, 4, 512, 51
488, 55, 24, 0
488, 55, 24, 0
488, 55, 24, 0
488, 55, 24, 0
488, 55, 24, 0
488, 55, 24, 0
488, 55, 24, 0
488, 55, 24, 0
488, 55, 24, 0
488, 55, 24, 0
488, 55, 24, 0
488, 55, 24, 0
488, 55, 24, 0
488, 55, 24, 0
488, 55, 24, 0
488, 55, 24, 0
488, 55, 24, 0
488, 55, 24, 0
488, 55, 24, 0
488, 55, 24, 0
488, 55, 24, 0
488, 55, 24, 0
488, 55, 24, 0
488, 55, 24, 0
488, 55, 24, 0
488, 55, 24, 0
0, 0, 512, 55
488, 55, 24, 0
488, 55, 24, 0
488, 55, 24, 0
488, 55, 24, 0
0, 1, 512, 54
0, 1, 512, 54
0, 1, 512, 54
0, 1, 512, 54
0, 1, 512, 54
0, 1, 512, 54
0, 1, 512, 54
0, 1, 512, 54
0, 1, 512, 54
0, 1, 512, 54
0, 1, 512, 54
0, 0, 512, 55
0, 1, 512, 54
488, 55, 24, 0
488, 55, 24, 0
488, 55, 24, 0
488, 55, 24, 0
488, 55, 24, 0
488, 55, 24, 0
488, 55, 24, 0
488, 55, 24, 0
488, 55, 24, 0
488, 55, 24, 0
1, 13, 511, 42
1, 13, 511, 42
488, 55, 24, 0
488, 55, 24, 0
195, 2, 317, 53
195, 2, 317, 53
0, 0, 512, 55
0, 0, 512, 55
0, 0, 512, 55
0, 0, 512, 55
0, 0, 512, 55
195, 2, 317, 53
195, 0, 317, 55
488, 55, 24, 0
92, 0, 420, 55
92, 0, 420, 55
92, 0, 420, 55
92, 0, 420, 55
396, 55, 116, 0
23, 0, 489, 55
22, 0, 490, 55
1, 0, 511, 55
23, 0, 489, 55
23, 0, 489, 55
23, 0, 489, 55
23, 0, 489, 55
23, 0, 489, 55
23, 0, 489, 55
488, 55, 24, 0
488, 55, 24, 0
488, 55, 24, 0
488, 55, 24, 0
488, 55, 24, 0
488, 55, 24, 0
488, 55, 24, 0
488, 55, 24, 0
488, 55, 24, 0
488, 55, 24, 0
488, 55, 24, 0
488, 55, 24, 0
0, 0, 512, 55
488, 55, 24, 0
396, 55, 116, 0
0, 0, 512, 55
396, 55, 116, 0
396, 55, 116, 0
396, 55, 116, 0
488, 55, 24, 0
488, 55, 24, 0
488, 55, 24, 0
488, 55, 24, 0
488, 55, 24, 0
488, 55, 24, 0
488, 55, 24, 0
488, 55, 24, 0
488, 55, 24, 0
1, 13, 511, 42
488, 55, 24, 0
488, 55, 24, 0
488, 55, 24, 0
488, 55, 24, 0
488, 55, 24, 0
488, 55, 24, 0
488, 55, 24, 0
488, 55, 24, 0
488, 55, 24, 0
488, 55, 24, 0
488, 55, 24, 0
488, 55, 24, 0
29, 4, 483, 51
488, 55, 24, 0
488, 55, 24, 0
1, 13, 511, 42
488, 55, 24, 0
488, 55, 24, 0
488, 55, 24, 0
441, 41, 71, 14
441, 41, 71, 14
441, 41, 71, 14
1, 12, 511, 43
441, 41, 71, 14
441, 41, 71, 14
441, 41, 71, 14
441, 41, 71, 14
488, 55, 24, 0
488, 55, 24, 0
488, 55, 24, 0
0, 0, 512, 55
0, 0, 512, 55
0, 0, 512, 55
0, 0, 512, 55
0, 0, 512, 55
0, 0, 512, 55
488, 55, 24, 0
488, 55, 24, 0
488, 55, 24, 0
488, 55, 24, 0
195, 0, 317, 55
195, 0, 317, 55
488, 55, 24, 0
23, 0, 489, 55
23, 0, 489, 55
23, 0, 489, 55
23, 0, 489, 55
23, 0, 489, 55
23, 0, 489, 55
23, 0, 489, 55
23, 0, 489, 55
465, 55, 47, 0
92, 0, 420, 55
373, 55, 139, 0
373, 55, 139, 0
373, 55, 139, 0
373, 55, 139, 0
373, 55, 139, 0
373, 55, 139, 0
373, 55, 139, 0
373, 55, 139, 0
373, 55, 139, 0
488, 55, 24, 0
23, 0, 489, 55
465, 55, 47, 0
373, 55, 139, 0
373, 55, 139, 0
373, 55, 139, 0
373, 55, 139, 0
373, 55, 139, 0
488, 55, 24, 0
488, 55, 24, 0
488, 55, 24, 0
488, 55, 24, 0
488, 55, 24, 0
488, 55, 24, 0
488, 55, 24, 0
488, 55, 24, 0
488, 55, 24, 0
488, 55, 24, 0
488, 55, 24, 0
488, 55, 24, 0
488, 55, 24, 0
488, 55, 24, 0
1, 1, 511, 54
488, 55, 24, 0
488, 55, 24, 0
488, 55, 24, 0
488, 55, 24, 0
1, 1, 511, 54
97, 18, 415, 37
488, 55, 24, 0
0, 1, 512, 54
488, 55, 24, 0
488, 55, 24, 0
488, 55, 24, 0
488, 55, 24, 0
488, 55, 24, 0
488, 55, 24, 0
488, 55, 24, 0
488, 55, 24, 0
488, 55, 24, 0
488, 55, 24, 0
151, 17, 361, 38
337, 38, 175, 17
488, 55, 24, 0
488, 55, 24, 0
151, 17, 361, 38
151, 17, 361, 38
151, 17, 361, 38
151, 17, 361, 38
151, 17, 361, 38
151, 17, 361, 38
151, 17, 361, 38
337, 38, 175, 17
337, 38, 175, 17
337, 38, 175, 17
337, 38, 175, 17
337, 38, 175, 17
337, 38, 175, 17
337, 38, 175, 17
488, 55, 24, 0
488, 55, 24, 0
488, 55, 24, 0
488, 55, 24, 0
488, 55, 24, 0
488, 55, 24, 0
488, 55, 24, 0
488, 55, 24, 0
488, 55, 24, 0
488, 55, 24, 0
488, 55, 24, 0
488, 55, 24, 0
488, 55, 24, 0
488, 55, 24, 0
191, 19, 321, 36
191, 19, 321, 36
0, 0, 512, 55
191, 19, 321, 36
191, 19, 321, 36
191, 19, 321, 36
191, 19, 321, 36
488, 55, 24, 0
380, 38, 132, 17
380, 38, 132, 17
380, 38, 132, 17
1, 0, 511, 55
380, 38, 132, 17
379, 38, 133, 17
380, 38, 132, 17
380, 38, 132, 17
380, 38, 132, 17
488, 55, 24, 0
0, 0, 512, 55
488, 55, 24, 0
486, 47, 26, 8
486, 47, 26, 8
488, 55, 24, 0
488, 55, 24, 0
488, 55, 24, 0
488, 55, 24, 0
488, 55, 24, 0
488, 55, 24, 0
488, 55, 24, 0
488, 55, 24, 0
488, 55, 24, 0
488, 55, 24, 0
488, 55, 24, 0
488, 55, 24, 0
488, 55, 24, 0
0, 0, 512, 55
488, 55, 24, 0
486, 47, 26, 8
486, 47, 26, 8
486, 47, 26, 8
488, 55, 24, 0
488, 55, 24, 0
488, 55, 24, 0
488, 55, 24, 0
488, 55, 24, 0
488, 55, 24, 0
488, 55, 24, 0
191, 19, 321, 36
191, 19, 321, 36
0, 0, 512, 55
191, 19, 321, 36
191, 19, 321, 36
488, 55, 24, 0
488, 55, 24, 0
380, 38, 132, 17
380, 38, 132, 17
380, 38, 132, 17
1, 0, 511, 55
380, 38, 132, 17
488, 55, 24, 0
241, 55, 271, 0
241, 55, 271, 0
241, 55, 271, 0
241, 55, 271, 0
241, 55, 271, 0
190, 40, 322, 15
190, 40, 322, 15
190, 40, 322, 15
190, 40, 322, 15
190, 40, 322, 15
241, 55, 271, 0
241, 55, 271, 0
321, 55, 191, 0
321, 55, 191, 0
321, 55, 191, 0
321, 55, 191, 0
321, 55, 191, 0
321, 55, 191, 0
321, 55, 191, 0
321, 55, 191, 0
494, 55, 18, 0
494, 55, 18, 0
494, 55, 18, 0
422, 54, 90, 1
422, 54, 90, 1
1, 2, 511, 53
422, 54, 90, 1
422, 54, 90, 1
422, 54, 90, 1
422, 54, 90, 1
421, 51, 91, 4
420, 51, 92, 4
1, 3, 511, 52
420, 51, 92, 4
420, 51, 92, 4
305, 30, 207, 25
420, 51, 92, 4
420, 51, 92, 4
420, 51, 92, 4
420, 51, 92, 4
420, 51, 92, 4
420, 51, 92, 4
420, 46, 92, 9
420, 46, 92, 9
404, 46, 108, 9
420, 46, 92, 9
421, 51, 91, 4
422, 54, 90, 1
421, 46, 91, 9
421, 46, 91, 9
422, 54, 90, 1
422, 54, 90, 1
420, 51, 92, 4
494, 55, 18, 0
493, 47, 19, 8
493, 47, 19, 8
492, 46, 20, 9
493, 47, 19, 8
493, 47, 19, 8
493, 47, 19, 8
493, 47, 19, 8
493, 47, 19, 8
488, 55, 24, 0
488, 55, 24, 0
488, 55, 24, 0
488, 55, 24, 0
488, 55, 24, 0
488, 55, 24, 0
0, 0, 512, 55
0, 0, 512, 55
488, 55, 24, 0
488, 55, 24, 0
488, 55, 24, 0
153, 17, 359, 38
335, 38, 177, 17
92, 0, 420, 55
243, 38, 269, 17
335, 38, 177, 17
335, 38, 177, 17
335, 38, 177, 17
335, 38, 177, 17
335, 38, 177, 17
335, 38, 177, 17
488, 55, 24, 0
488, 55, 24, 0
153, 17, 359, 38
335, 38, 177, 17
335, 38, 177, 17
335, 38, 177, 17
335, 38, 177, 17
335, 38, 177, 17
113, 0, 399, 55
222, 38, 290, 17
335, 38, 177, 17
335, 38, 177, 17
335, 38, 177, 17
335, 38, 177, 17
92, 0, 420, 55
92, 0, 420, 55
92, 0, 420, 55
92, 0, 420, 55
92, 0, 420, 55
0, 0, 512, 55
92, 0, 420, 55
0, 0, 512, 55
92, 0, 420, 55
92, 0, 420, 55
92, 0, 420, 55
92, 0, 420, 55
92, 0, 420, 55
92, 0, 420, 55
92, 0, 420, 55
92, 0, 420, 55
92, 0, 420, 55
92, 0, 420, 55
92, 0, 420, 55
92, 0, 420, 55
92, 0, 420, 55
92, 0, 420, 55
92, 0, 420, 55
92, 0, 420, 55
92, 0, 420, 55
92, 0, 420, 55
92, 0, 420, 55
92, 0, 420, 55
92, 0, 420, 55
92, 0, 420, 55
92, 0, 420, 55
92, 0, 420, 55
92, 0, 420, 55
92, 0, 420, 55
92, 0, 420, 55
92, 0, 420, 55
40, 0, 472, 55
92, 0, 420, 55
241, 55, 271, 0
241, 55, 271, 0
241, 55, 271, 0
241, 55, 271, 0
0, 3, 512, 52
241, 55, 271, 0
241, 55, 271, 0
241, 55, 271, 0
241, 55, 271, 0
1, 13, 511, 42
1, 13, 511, 42
1, 13, 511, 42
1, 13, 511, 42
1, 13, 511, 42
1, 13, 511, 42
1, 13, 511, 42
241, 55, 271, 0
488, 55, 24, 0
488, 55, 24, 0
92, 0, 420, 55
396, 55, 116, 0
23, 0, 489, 55
373, 55, 139, 0
151, 17, 361, 38
151, 17, 361, 38
151, 17, 361, 38
151, 17, 361, 38
151, 17, 361, 38
151, 17, 361, 38
151, 17, 361, 38
151, 17, 361, 38
151, 17, 361, 38
151, 17, 361, 38
151, 17, 361, 38
29, 4, 483, 51
29, 4, 483, 51
29, 4, 483, 51
29, 4, 483, 51
29, 4, 483, 51
29, 4, 483, 51
29, 4, 483, 51
29, 4, 483, 51
29, 4, 483, 51
29, 4, 483, 51
29, 4, 483, 51
29, 4, 483, 51
29, 4, 483, 51
29, 4, 483, 51
29, 4, 483, 51
29, 4, 483, 51
29, 4, 483, 51
29, 4, 483, 51
29, 4, 483, 51
29, 4, 483, 51
29, 2, 483, 53
29, 2, 483, 53
29, 2, 483, 53
29, 4, 483, 51
29, 4, 483, 51
29, 4, 483, 51
29, 4, 483, 51
29, 4, 483, 51
29, 4, 483, 51
29, 4, 483, 51
29, 4, 483, 51
29, 4, 483, 51
29, 4, 483, 51
29, 4, 483, 51
29, 4, 483, 51
29, 4, 483, 51
122, 13, 390, 42
122, 13, 390, 42
122, 13, 390, 42
122, 13, 390, 42
122, 13, 390, 42
122, 13, 390, 42
151, 17, 361, 38
151, 17, 361, 38
151, 17, 361, 38
151, 17, 361, 38
151, 17, 361, 38
151, 17, 361, 38
151, 17, 361, 38
222, 38, 290, 17
222, 38, 290, 17
222, 37, 290, 18
222, 37, 290, 18
222, 37, 290, 18
222, 37, 290, 18
222, 37, 290, 18
222, 37, 290, 18
222, 37, 290, 18
222, 37, 290, 18
488, 55, 24, 0
23, 0, 489, 55
23, 0, 489, 55
23, 0, 489, 55
23, 0, 489, 55
23, 0, 489, 55
23, 0, 489, 55
23, 0, 489, 55
23, 0, 489, 55
1, 0, 511, 55
23, 0, 489, 55
23, 0, 489, 55
1, 0, 511, 55
23, 0, 489, 55
373, 55, 139, 0
373, 55, 139, 0
373, 55, 139, 0
373, 55, 139, 0
373, 55, 139, 0
373, 55, 139, 0
373, 55, 139, 0
373, 55, 139, 0
160, 55, 352, 0
160, 55, 352, 0
160, 55, 352, 0
160, 55, 352, 0
160, 55, 352, 0
373, 55, 139, 0
373, 55, 139, 0
373, 55, 139, 0
373, 55, 139, 0
488, 55, 24, 0
488, 55, 24, 0
488, 55, 24, 0
488, 55, 24, 0
23, 0, 489, 55
23, 0, 489, 55
23, 0, 489, 55
21, 0, 491, 55
21, 0, 491, 55
21, 0, 491, 55
23, 0, 489, 55
23, 0, 489, 55
21, 0, 491, 55
23, 0, 489, 55
23, 0, 489, 55
23, 0, 489, 55
465, 55, 47, 0
92, 0, 420, 55
92, 0, 420, 55
92, 0, 420, 55
92, 0, 420, 55
92, 0, 420, 55
92, 0, 420, 55
92, 0, 420, 55
92, 0, 420, 55
92, 0, 420, 55
92, 0, 420, 55
92, 0, 420, 55
92, 0, 420, 55
92, 0, 420, 55
92, 0, 420, 55
92, 0, 420, 55
92, 0, 420, 55
92, 0, 420, 55
373, 55, 139, 0
373, 55, 139, 0
373, 55, 139, 0
373, 55, 139, 0
373, 55, 139, 0
373, 55, 139, 0
373, 55, 139, 0
373, 55, 139, 0
373, 55, 139, 0
373, 53, 139, 2
0, 2, 512, 53
373, 55, 139, 0
0, 1, 512, 54
0, 1, 512, 54
488, 55, 24, 0
488, 55, 24, 0
488, 55, 24, 0
293, 55, 219, 0
241, 55, 271, 0
52, 0, 460, 55
395, 55, 117, 0
488, 55, 24, 0
195, 0, 317, 55
173, 0, 339, 55
195, 0, 317, 55
195, 0, 317, 55
195, 0, 317, 55
488, 55, 24, 0
23, 0, 489, 55
465, 55, 47, 0
92, 0, 420, 55
373, 55, 139, 0
488, 55, 24, 0
195, 0, 317, 55
195, 0, 317, 55
195, 0, 317, 55
195, 0, 317, 55
195, 0, 317, 55
195, 0, 317, 55
488, 55, 24, 0
115, 0, 397, 55
488, 55, 24, 0
151, 17, 361, 38
488, 55, 24, 0
488, 55, 24, 0
488, 55, 24, 0
488, 55, 24, 0
232, 38, 280, 17
488, 55, 24, 0
488, 55, 24, 0
195, 0, 317, 55
195, 0, 317, 55
293, 55, 219, 0
1, 0, 511, 55
1, 0, 511, 55
1, 0, 511, 55
292, 55, 220, 0
92, 0, 420, 55
92, 0, 420, 55
92, 0, 420, 55
92, 0, 420, 55
92, 0, 420, 55
92, 0, 420, 55
200, 55, 312, 0
200, 55, 312, 0
200, 55, 312, 0
81, 17, 431, 38
200, 55, 312, 0
200, 55, 312, 0
488, 55, 24, 0
113, 0, 399, 55
113, 0, 399, 55
113, 0, 399, 55
113, 0, 399, 55
113, 0, 399, 55
113, 0, 399, 55
113, 0, 399, 55
488, 55, 24, 0
488, 55, 24, 0
488, 55, 24, 0
92, 0, 420, 55
18, 0, 494, 55
74, 0, 438, 55
396, 55, 116, 0
396, 55, 116, 0
75, 6, 437, 49
396, 55, 116, 0
151, 17, 361, 38
151, 17, 361, 38
488, 55, 24, 0
373, 55, 139, 0
373, 55, 139, 0
373, 55, 139, 0
373, 55, 139, 0
373, 55, 139, 0
373, 55, 139, 0
151, 17, 361, 38
151, 17, 361, 38
151, 17, 361, 38
151, 17, 361, 38
151, 17, 361, 38
151, 17, 361, 38
151, 17, 361, 38
151, 17, 361, 38
151, 17, 361, 38
151, 17, 361, 38
151, 17, 361, 38
151, 17, 361, 38
0, 7, 512, 48
151, 17, 361, 38
151, 17, 361, 38
151, 17, 361, 38
151, 17, 361, 38
29, 4, 483, 51
151, 17, 361, 38
151, 17, 361, 38
0, 7, 512, 48
0, 7, 512, 48
0, 7, 512, 48
0, 7, 512, 48
151, 17, 361, 38
151, 17, 361, 38
222, 38, 290, 17
222, 38, 290, 17
222, 38, 290, 17
222, 38, 290, 17
373, 55, 139, 0
373, 55, 139, 0
151, 17, 361, 38
373, 55, 139, 0
373, 55, 139, 0
373, 55, 139, 0
373, 55, 139, 0
0, 6, 512, 49
373, 55, 139, 0
373, 55, 139, 0
151, 17, 361, 38
373, 55, 139, 0
373, 55, 139, 0
200, 55, 312, 0
373, 55, 139, 0
160, 55, 352, 0
0, 13, 512, 42
160, 55, 352, 0
160, 55, 352, 0
160, 55, 352, 0
0, 13, 512, 42
160, 55, 352, 0
160, 55, 352, 0
373, 55, 139, 0
373, 55, 139, 0
373, 55, 139, 0
373, 55, 139, 0
373, 55, 139, 0
373, 55, 139, 0
373, 55, 139, 0
373, 55, 139, 0
373, 55, 139, 0
296, 44, 216, 11
296, 44, 216, 11
373, 55, 139, 0
373, 55, 139, 0
373, 55, 139, 0
296, 44, 216, 11
296, 44, 216, 11
373, 55, 139, 0
373, 55, 139, 0
373, 55, 139, 0
373, 55, 139, 0
373, 55, 139, 0
373, 55, 139, 0
373, 55, 139, 0
373, 55, 139, 0
373, 55, 139, 0
373, 55, 139, 0
373, 55, 139, 0
373, 55, 139, 0
373, 55, 139, 0
373, 55, 139, 0
210, 15, 302, 40
373, 55, 139, 0
373, 55, 139, 0
373, 55, 139, 0
488, 55, 24, 0
488, 55, 24, 0
488, 55, 24, 0
488, 55, 24, 0
488, 55, 24, 0
488, 55, 24, 0
488, 55, 24, 0
488, 55, 24, 0
488, 55, 24, 0
488, 55, 24, 0
488, 55, 24, 0
488, 55, 24, 0
488, 55, 24, 0
488, 55, 24, 0
151, 15, 361, 40
151, 15, 361, 40
337, 40, 175, 15
488, 55, 24, 0
488, 55, 24, 0
149, 12, 363, 43
149, 12, 363, 43
149, 12, 363, 43
149, 12, 363, 43
149, 12, 363, 43
488, 55, 24, 0
488, 55, 24, 0
488, 55, 24, 0
488, 55, 24, 0
488, 55, 24, 0
92, 0, 420, 55
92, 0, 420, 55
92, 0, 420, 55
92, 0, 420, 55
92, 0, 420, 55
92, 0, 420, 55
92, 0, 420, 55
40, 0, 472, 55
52, 0, 460, 55
92, 0, 420, 55
92, 0, 420, 55
92, 0, 420, 55
488, 55, 24, 0
92, 0, 420, 55
396, 55, 116, 0
23, 0, 489, 55
373, 55, 139, 0
488, 55, 24, 0
335, 38, 177, 17
335, 38, 177, 17
335, 38, 177, 17
488, 55, 24, 0
195, 0, 317, 55
195, 0, 317, 55
195, 0, 317, 55
0, 0, 512, 55
195, 0, 317, 55
195, 0, 317, 55
488, 55, 24, 0
240, 12, 272, 43
240, 12, 272, 43
240, 12, 272, 43
240, 12, 272, 43
240, 12, 272, 43
239, 12, 273, 43
240, 12, 272, 43
488, 55, 24, 0
151, 17, 361, 38
151, 17, 361, 38
151, 17, 361, 38
151, 17, 361, 38
151, 17, 361, 38
29, 4, 483, 51
29, 4, 483, 51
29, 4, 483, 51
29, 4, 483, 51
29, 4, 483, 51
29, 4, 483, 51
151, 17, 361, 38
151, 17, 361, 38
151, 17, 361, 38
151, 17, 361, 38
151, 17, 361, 38
29, 4, 483, 51
29, 4, 483, 51
29, 4, 483, 51
151, 17, 361, 38
151, 17, 361, 38
151, 17, 361, 38
337, 38, 175, 17
337, 38, 175, 17
337, 38, 175, 17
337, 38, 175, 17
488, 55, 24, 0
151, 15, 361, 40
151, 15, 361, 40
151, 15, 361, 40
151, 15, 361, 40
151, 15, 361, 40
337, 40, 175, 15
337, 40, 175, 15
488, 55, 24, 0
488, 55, 24, 0
149, 12, 363, 43
149, 12, 363, 43
149, 12, 363, 43
149, 12, 363, 43
149, 12, 363, 43
339, 43, 173, 12
488, 55, 24, 0
488, 55, 24, 0
488, 55, 24, 0
488, 55, 24, 0
488, 55, 24, 0
240, 0, 272, 55
240, 0, 272, 55
248, 55, 264, 0
248, 55, 264, 0
248, 55, 264, 0
248, 55, 264, 0
248, 55, 264, 0
248, 55, 264, 0
248, 55, 264, 0
248, 55, 264, 0
248, 55, 264, 0
248, 55, 264, 0
248, 55, 264, 0
248, 55, 264, 0
248, 55, 264, 0
248, 55, 264, 0
248, 55, 264, 0
488, 55, 24, 0
488, 55, 24, 0
488, 55, 24, 0
488, 55, 24, 0
93, 6, 419, 49
93, 6, 419, 49
93, 6, 419, 49
93, 6, 419, 49
93, 6, 419, 49
488, 55, 24, 0
488, 55, 24, 0
488, 55, 24, 0
488, 55, 24, 0
488, 55, 24, 0
488, 55, 24, 0
488, 55, 24, 0
488, 55, 24, 0
151, 15, 361, 40
151, 15, 361, 40
151, 15, 361, 40
151, 15, 361, 40
151, 15, 361, 40
151, 15, 361, 40
151, 15, 361, 40
151, 15, 361, 40
488, 55, 24, 0
488, 55, 24, 0
488, 55, 24, 0
488, 55, 24, 0
488, 55, 24, 0
488, 55, 24, 0
488, 55, 24, 0
488, 55, 24, 0
488, 55, 24, 0
149, 12, 363, 43
149, 12, 363, 43
149, 12, 363, 43
149, 12, 363, 43
149, 12, 363, 43
149, 12, 363, 43
149, 12, 363, 43
149, 12, 363, 43
149, 12, 363, 43
149, 12, 363, 43
149, 12, 363, 43
149, 12, 363, 43
149, 12, 363, 43
488, 55, 24, 0
488, 55, 24, 0
240, 12, 272, 43
240, 12, 272, 43
240, 12, 272, 43
240, 12, 272, 43
240, 12, 272, 43
240, 12, 272, 43
240, 12, 272, 43
240, 12, 272, 43
240, 12, 272, 43
240, 12, 272, 43
240, 12, 272, 43
0, 0, 512, 55
0, 0, 512, 55
240, 12, 272, 43
240, 12, 272, 43
240, 12, 272, 43
240, 12, 272, 43
240, 12, 272, 43
240, 12, 272, 43
240, 12, 272, 43
0, 0, 512, 55
240, 12, 272, 43
240, 12, 272, 43
240, 12, 272, 43
240, 12, 272, 43
240, 12, 272, 43
240, 12, 272, 43
240, 12, 272, 43
240, 12, 272, 43
240, 12, 272, 43
240, 12, 272, 43
240, 12, 272, 43
240, 12, 272, 43
0, 0, 512, 55
240, 12, 272, 43
240, 12, 272, 43
240, 12, 272, 43
240, 12, 272, 43
488, 55, 24, 0
488, 55, 24, 0
488, 55, 24, 0
488, 55, 24, 0
488, 55, 24, 0
488, 55, 24, 0
488, 55, 24, 0
487, 50, 25, 5
487, 50, 25, 5
487, 50, 25, 5
488, 55, 24, 0
487, 50, 25, 5
487, 50, 25, 5
487, 50, 25, 5
488, 55, 24, 0
488, 55, 24, 0
488, 55, 24, 0
115, 0, 397, 55
373, 55, 139, 0
0, 1, 512, 54
0, 1, 512, 54
373, 54, 139, 1
488, 55, 24, 0
488, 55, 24, 0
488, 55, 24, 0
488, 55, 24, 0
488, 55, 24, 0
488, 55, 24, 0
488, 55, 24, 0
488, 55, 24, 0
488, 55, 24, 0
488, 55, 24, 0
488, 55, 24, 0
149, 12, 363, 43
149, 12, 363, 43
149, 12, 363, 43
149, 12, 363, 43
488, 55, 24, 0
488, 55, 24, 0
93, 6, 419, 49
93, 6, 419, 49
29, 2, 483, 53
29, 2, 483, 53
29, 2, 483, 53
29, 2, 483, 53
395, 49, 117, 6
120, 10, 392, 45
120, 10, 392, 45
120, 10, 392, 45
120, 10, 392, 45
488, 55, 24, 0
488, 55, 24, 0
488, 55, 24, 0
99, 14, 413, 41
488, 55, 24, 0
505, 55, 7, 0
505, 55, 7, 0
0, 0, 512, 55
0, 0, 512, 55
505, 55, 7, 0
505, 55, 7, 0
505, 55, 7, 0
505, 55, 7, 0
505, 55, 7, 0
2, 3, 510, 52
2, 3, 510, 52
0, 0, 512, 55
2, 3, 510, 52
2, 3, 510, 52
505, 55, 7, 0
505, 55, 7, 0
505, 55, 7, 0
512, 55, 0, 0
512, 55, 0, 0
512, 55, 0, 0
512, 55, 0, 0
0, 0, 512, 55
512, 55, 0, 0
2, 3, 510, 52
2, 3, 510, 52
2, 3, 510, 52
0, 0, 512, 55
2, 3, 510, 52
2, 3, 510, 52
4, 3, 508, 52
4, 3, 508, 52
4, 3, 508, 52
0, 0, 512, 55
4, 3, 508, 52
4, 3, 508, 52
488, 55, 24, 0
488, 55, 24, 0
488, 55, 24, 0
488, 55, 24, 0
488, 55, 24, 0
488, 55, 24, 0
488, 55, 24, 0
488, 55, 24, 0
497, 52, 15, 3
497, 52, 15, 3
0, 0, 512, 55
497, 52, 15, 3
1, 0, 511, 55
496, 52, 16, 3
0, 3, 512, 52
0, 3, 512, 52
506, 55, 6, 0
506, 55, 6, 0
506, 55, 6, 0
506, 55, 6, 0
506, 55, 6, 0
0, 0, 512, 55
506, 55, 6, 0
506, 55, 6, 0
396, 39, 116, 16
396, 39, 116, 16
396, 39, 116, 16
396, 39, 116, 16
396, 39, 116, 16
292, 26, 220, 29
292, 26, 220, 29
292, 26, 220, 29
292, 26, 220, 29
292, 26, 220, 29
292, 26, 220, 29
292, 26, 220, 29
1, 3, 511, 52
292, 25, 220, 30
291, 24, 221, 31
0, 0, 512, 55
0, 0, 512, 55
292, 24, 220, 31
292, 24, 220, 31
292, 24, 220, 31
292, 26, 220, 29
488, 55, 24, 0
488, 55, 24, 0
483, 55, 29, 0
488, 55, 24, 0
488, 55, 24, 0
488, 55, 24, 0
488, 55, 24, 0
483, 55, 29, 0
483, 55, 29, 0
483, 55, 29, 0
478, 55, 34, 0
478, 55, 34, 0
483, 55, 29, 0
483, 55, 29, 0
15, 0, 497, 55
15, 0, 497, 55
15, 0, 497, 55
0, 0, 512, 55
0, 0, 512, 55
0, 0, 512, 55
0, 0, 512, 55
0, 1, 512, 54
0, 1, 512, 54
0, 1, 512, 54
1, 0, 511, 55
1, 0, 511, 55
1, 0, 511, 55
0, 0, 512, 55
3, 0, 509, 55
3, 0, 509, 55
3, 0, 509, 55
0, 0, 512, 55
505, 55, 7, 0
505, 55, 7, 0
0, 3, 512, 52
505, 52, 7, 3
0, 1, 512, 54
505, 52, 7, 3
505, 52, 7, 3
505, 52, 7, 3
505, 52, 7, 3
505, 52, 7, 3
0, 0, 512, 55
505, 52, 7, 3
505, 52, 7, 3
505, 52, 7, 3
505, 52, 7, 3
488, 51, 24, 4
488, 51, 24, 4
488, 51, 24, 4
505, 52, 7, 3
488, 52, 24, 3
505, 52, 7, 3
505, 55, 7, 0
505, 55, 7, 0
505, 55, 7, 0
505, 55, 7, 0
505, 55, 7, 0
505, 55, 7, 0
498, 55, 14, 0
498, 55, 14, 0
498, 55, 14, 0
498, 55, 14, 0
498, 55, 14, 0
23, 0, 489, 55
23, 0, 489, 55
23, 0, 489, 55
23, 0, 489, 55
23, 0, 489, 55
23, 0, 489, 55
23, 0, 489, 55
23, 0, 489, 55
23, 0, 489, 55
23, 0, 489, 55
461, 55, 51, 0
461, 55, 51, 0
431, 55, 81, 0
431, 55, 81, 0
461, 55, 51, 0
461, 55, 51, 0
456, 55, 56, 0
461, 55, 51, 0
461, 55, 51, 0
461, 55, 51, 0
93, 6, 419, 49
93, 6, 419, 49
93, 6, 419, 49
93, 6, 419, 49
202, 24, 310, 31
202, 24, 310, 31
0, 1, 512, 54
0, 1, 512, 54
200, 20, 312, 35
0, 1, 512, 54
104, 16, 408, 39
1, 3, 511, 52
0, 1, 512, 54
1, 4, 511, 51
1, 4, 511, 51
1, 4, 511, 51
1, 4, 511, 51
1, 4, 511, 51
1, 4, 511, 51
1, 4, 511, 51
1, 4, 511, 51
0, 1, 512, 54
0, 1, 512, 54
0, 1, 512, 54
0, 1, 512, 54
0, 1, 512, 54
0, 1, 512, 54
0, 1, 512, 54
0, 1, 512, 54
94, 6, 418, 49
1, 4, 511, 51
1, 4, 511, 51
1, 4, 511, 51
488, 55, 24, 0
488, 55, 24, 0
488, 55, 24, 0
488, 55, 24, 0
488, 55, 24, 0
488, 55, 24, 0
488, 55, 24, 0
488, 55, 24, 0
92, 0, 420, 55
92, 0, 420, 55
92, 0, 420, 55
92, 0, 420, 55
29, 4, 483, 51
29, 4, 483, 51
29, 4, 483, 51
29, 4, 483, 51
498, 55, 14, 0
498, 55, 14, 0
498, 55, 14, 0
488, 55, 24, 0
498, 55, 14, 0
488, 55, 24, 0
488, 55, 24, 0
488, 55, 24, 0
488, 55, 24, 0
488, 55, 24, 0
0, 1, 512, 54
0, 1, 512, 54
0, 1, 512, 54
0, 1, 512, 54
0, 1, 512, 54
0, 1, 512, 54
0, 1, 512, 54
461, 55, 51, 0
461, 55, 51, 0
461, 55, 51, 0
461, 55, 51, 0
461, 55, 51, 0
488, 55, 24, 0
488, 55, 24, 0
488, 55, 24, 0
488, 55, 24, 0
488, 55, 24, 0
498, 55, 14, 0
498, 55, 14, 0
498, 55, 14, 0
498, 55, 14, 0
498, 55, 14, 0
2, 14, 510, 41
2, 14, 510, 41
2, 14, 510, 41
1, 13, 511, 42
1, 13, 511, 42
1, 14, 511, 41
1, 13, 511, 42
1, 14, 511, 41
1, 13, 511, 42
1, 14, 511, 41
2, 14, 510, 41
2, 14, 510, 41
1, 13, 511, 42
1, 13, 511, 42
1, 13, 511, 42
1, 13, 511, 42
1, 13, 511, 42
30, 3, 482, 52
30, 3, 482, 52
30, 3, 482, 52
30, 3, 482, 52
0, 0, 512, 55
30, 3, 482, 52
498, 55, 14, 0
498, 55, 14, 0
498, 55, 14, 0
498, 55, 14, 0
498, 55, 14, 0
498, 53, 14, 2
498, 53, 14, 2
498, 53, 14, 2
498, 53, 14, 2
498, 53, 14, 2
498, 53, 14, 2
498, 53, 14, 2
498, 53, 14, 2
0, 0, 512, 55
498, 55, 14, 0
498, 55, 14, 0
0, 2, 512, 53
498, 53, 14, 2
92, 0, 420, 55
92, 0, 420, 55
92, 0, 420, 55
92, 0, 420, 55
92, 0, 420, 55
92, 0, 420, 55
84, 0, 428, 55
92, 0, 420, 55
92, 0, 420, 55
0, 0, 512, 55
0, 0, 512, 55
0, 0, 512, 55
0, 0, 512, 55
0, 0, 512, 55
488, 55, 24, 0
488, 55, 24, 0
488, 55, 24, 0
488, 55, 24, 0
488, 55, 24, 0
488, 55, 24, 0
497, 55, 15, 0
497, 55, 15, 0
394, 37, 118, 18
497, 55, 15, 0
497, 55, 15, 0
497, 55, 15, 0
497, 55, 15, 0
93, 6, 419, 49
93, 6, 419, 49
93, 6, 419, 49
92, 6, 420, 49
93, 6, 419, 49
1, 13, 511, 42
1, 13, 511, 42
1, 13, 511, 42
1, 13, 511, 42
1, 13, 511, 42
1, 13, 511, 42
1, 13, 511, 42
1, 13, 511, 42
1, 13, 511, 42
1, 13, 511, 42
1, 13, 511, 42
1, 13, 511, 42
1, 13, 511, 42
1, 13, 511, 42
93, 6, 419, 49
93, 6, 419, 49
93, 6, 419, 49
93, 6, 419, 49
93, 6, 419, 49
93, 6, 419, 49
0, 0, 512, 55
0, 0, 512, 55
0, 0, 512, 55
93, 6, 419, 49
93, 6, 419, 49
0, 0, 512, 55
93, 6, 419, 49
93, 6, 419, 49
93, 6, 419, 49
93, 6, 419, 49
93, 6, 419, 49
93, 6, 419, 49
497, 55, 15, 0
497, 55, 15, 0
497, 55, 15, 0
497, 55, 15, 0
1, 4, 511, 51
497, 55, 15, 0
497, 55, 15, 0
497, 55, 15, 0
29, 4, 483, 51
29, 4, 483, 51
0, 1, 512, 54
29, 4, 483, 51
497, 55, 15, 0
497, 55, 15, 0
65, 5, 447, 50
65, 5, 447, 50
65, 5, 447, 50
65, 5, 447, 50
63, 3, 449, 52
63, 3, 449, 52
65, 5, 447, 50
65, 5, 447, 50
65, 5, 447, 50
497, 55, 15, 0
497, 55, 15, 0
497, 55, 15, 0
497, 55, 15, 0
497, 55, 15, 0
497, 55, 15, 0
0, 0, 512, 55
497, 55, 15, 0
0, 0, 512, 55
497, 55, 15, 0
497, 55, 15, 0
497, 55, 15, 0
497, 55, 15, 0
497, 55, 15, 0
92, 7, 420, 48
92, 7, 420, 48
0, 0, 512, 55
92, 7, 420, 48
92, 7, 420, 48
0, 0, 512, 55
0, 0, 512, 55
0, 0, 512, 55
0, 0, 512, 55
92, 7, 420, 48
0, 0, 512, 55
497, 55, 15, 0
497, 55, 15, 0
0, 0, 512, 55
497, 55, 15, 0
0, 0, 512, 55
497, 55, 15, 0
497, 55, 15, 0
497, 55, 15, 0
497, 55, 15, 0
379, 28, 133, 27
379, 28, 133, 27
380, 28, 132, 27
380, 28, 132, 27
379, 28, 133, 27
379, 28, 133, 27
380, 28, 132, 27
380, 28, 132, 27
380, 28, 132, 27
380, 28, 132, 27
290, 21, 222, 34
290, 21, 222, 34
0, 0, 512, 55
290, 21, 222, 34
0, 0, 512, 55
290, 21, 222, 34
290, 21, 222, 34
290, 21, 222, 34
290, 21, 222, 34
100, 12, 412, 43
100, 12, 412, 43
290, 21, 222, 34
94, 5, 418, 50
94, 5, 418, 50
196, 17, 316, 38
196, 17, 316, 38
196, 17, 316, 38
196, 17, 316, 38
290, 21, 222, 34
290, 21, 222, 34
389, 36, 123, 19
389, 36, 123, 19
0, 0, 512, 55
0, 0, 512, 55
389, 36, 123, 19
389, 36, 123, 19
389, 36, 123, 19
93, 6, 419, 49
93, 6, 419, 49
93, 6, 419, 49
92, 6, 420, 49
92, 6, 420, 49
93, 6, 419, 49
93, 6, 419, 49
93, 6, 419, 49
93, 6, 419, 49
93, 6, 419, 49
93, 6, 419, 49
505, 55, 7, 0
505, 55, 7, 0
0, 1, 512, 54
0, 0, 512, 55
0, 1, 512, 54
0, 1, 512, 54
0, 1, 512, 54
0, 1, 512, 54
0, 1, 512, 54
0, 1, 512, 54
0, 1, 512, 54
0, 1, 512, 54
0, 1, 512, 54
0, 1, 512, 54
505, 55, 7, 0
505, 55, 7, 0
505, 55, 7, 0
505, 55, 7, 0
505, 55, 7, 0
505, 55, 7, 0
505, 55, 7, 0
505, 55, 7, 0
505, 55, 7, 0
505, 55, 7, 0
505, 55, 7, 0
505, 55, 7, 0
496, 47, 16, 8
495, 47, 17, 8
247, 47, 265, 8
505, 55, 7, 0
497, 55, 15, 0
497, 55, 15, 0
497, 55, 15, 0
497, 55, 15, 0
0, 0, 512, 55
497, 55, 15, 0
497, 55, 15, 0
497, 55, 15, 0
498, 55, 14, 0
498, 55, 14, 0
2, 1, 510, 54
2, 1, 510, 54
2, 1, 510, 54
2, 1, 510, 54
2, 1, 510, 54
498, 55, 14, 0
0, 0, 512, 55
498, 55, 14, 0
498, 55, 14, 0
498, 55, 14, 0
505, 55, 7, 0
505, 55, 7, 0
505, 55, 7, 0
505, 55, 7, 0
4, 2, 508, 53
1, 0, 511, 55
3, 2, 509, 53
505, 55, 7, 0
505, 55, 7, 0
0, 0, 512, 55
505, 55, 7, 0
3, 2, 509, 53
3, 2, 509, 53
505, 55, 7, 0
505, 55, 7, 0
505, 55, 7, 0
505, 55, 7, 0
505, 55, 7, 0
505, 55, 7, 0
505, 55, 7, 0
389, 39, 123, 16
389, 39, 123, 16
389, 39, 123, 16
389, 39, 123, 16
389, 39, 123, 16
391, 41, 121, 14
391, 41, 121, 14
391, 41, 121, 14
108, 21, 404, 34
105, 20, 407, 35
3, 2, 509, 53
389, 39, 123, 16
505, 55, 7, 0
505, 55, 7, 0
505, 55, 7, 0
505, 55, 7, 0
505, 55, 7, 0
505, 55, 7, 0
505, 55, 7, 0
109, 16, 403, 39
109, 16, 403, 39
1, 0, 511, 55
109, 16, 403, 39
102, 16, 410, 39
102, 16, 410, 39
0, 0, 512, 55
0, 0, 512, 55
0, 0, 512, 55
0, 0, 512, 55
0, 0, 512, 55
0, 0, 512, 55
0, 0, 512, 55
0, 0, 512, 55
0, 0, 512, 55
505, 55, 7, 0
505, 55, 7, 0
505, 55, 7, 0
0, 0, 512, 55
505, 55, 7, 0
505, 55, 7, 0
0, 0, 512, 55
505, 55, 7, 0
505, 55, 7, 0
505, 55, 7, 0
505, 55, 7, 0
505, 55, 7, 0
2, 4, 510, 51
2, 4, 510, 51
373, 55, 139, 0
373, 55, 139, 0
373, 55, 139, 0
373, 55, 139, 0
373, 55, 139, 0
373, 55, 139, 0
373, 55, 139, 0
373, 55, 139, 0
297, 44, 215, 11
297, 44, 215, 11
297, 43, 215, 12
297, 43, 215, 12
297, 43, 215, 12
154, 38, 358, 17
154, 38, 358, 17
154, 38, 358, 17
154, 38, 358, 17
373, 55, 139, 0
373, 55, 139, 0
228, 45, 284, 10
228, 45, 284, 10
0, 2, 512, 53
0, 2, 512, 53
0, 2, 512, 53
373, 55, 139, 0
373, 55, 139, 0
296, 44, 216, 11
155, 37, 357, 18
155, 37, 357, 18
373, 55, 139, 0
373, 55, 139, 0
81, 20, 431, 35
373, 55, 139, 0
373, 55, 139, 0
373, 55, 139, 0
373, 55, 139, 0
373, 55, 139, 0
373, 55, 139, 0
160, 55, 352, 0
213, 0, 299, 55
373, 55, 139, 0
0, 0, 512, 55
373, 55, 139, 0
296, 44, 216, 11
296, 44, 216, 11
296, 44, 216, 11
296, 44, 216, 11
130, 44, 382, 11
130, 44, 382, 11
130, 44, 382, 11
130, 44, 382, 11
166, 0, 346, 55
166, 0, 346, 55
166, 0, 346, 55
296, 44, 216, 11
373, 55, 139, 0
28, 1, 484, 54
28, 1, 484, 54
28, 1, 484, 54
28, 1, 484, 54
28, 1, 484, 54
28, 1, 484, 54
28, 1, 484, 54
28, 1, 484, 54
92, 0, 420, 55
92, 0, 420, 55
92, 0, 420, 55
0, 0, 512, 55
92, 0, 420, 55
92, 0, 420, 55
92, 0, 420, 55
0, 0, 512, 55
92, 0, 420, 55
92, 0, 420, 55
92, 0, 420, 55
60, 0, 452, 55
92, 0, 420, 55
92, 0, 420, 55
10, 0, 502, 55
92, 0, 420, 55
92, 0, 420, 55
92, 0, 420, 55
92, 0, 420, 55
92, 0, 420, 55
92, 0, 420, 55
92, 0, 420, 55
92, 0, 420, 55
55, 0, 457, 55
92, 0, 420, 55
92, 0, 420, 55
55, 0, 457, 55
55, 0, 457, 55
488, 55, 24, 0
488, 55, 24, 0
488, 55, 24, 0
488, 55, 24, 0
488, 55, 24, 0
488, 55, 24, 0
160, 55, 352, 0
160, 55, 352, 0
160, 52, 352, 3
160, 52, 352, 3
160, 55, 352, 0
488, 55, 24, 0
373, 55, 139, 0
373, 55, 139, 0
373, 55, 139, 0
373, 55, 139, 0
18, 0, 494, 55
373, 55, 139, 0
373, 55, 139, 0
373, 55, 139, 0
373, 55, 139, 0
373, 55, 139, 0
373, 55, 139, 0
373, 55, 139, 0
373, 55, 139, 0
373, 55, 139, 0
373, 55, 139, 0
373, 55, 139, 0
373, 55, 139, 0
373, 55, 139, 0
373, 55, 139, 0
373, 55, 139, 0
162, 43, 350, 12
373, 55, 139, 0
373, 55, 139, 0
373, 55, 139, 0
373, 55, 139, 0
373, 55, 139, 0
373, 55, 139, 0
369, 53, 143, 2
369, 53, 143, 2
372, 51, 140, 4
372, 51, 140, 4
372, 51, 140, 4
372, 51, 140, 4
179, 12, 333, 43
179, 12, 333, 43
139, 0, 373, 55
179, 12, 333, 43
0, 0, 512, 55
179, 12, 333, 43
179, 12, 333, 43
140, 12, 372, 43
140, 12, 372, 43
140, 12, 372, 43
140, 12, 372, 43
0, 1, 512, 54
140, 12, 372, 43
324, 51, 188, 4
372, 51, 140, 4
372, 51, 140, 4
372, 51, 140, 4
0, 1, 512, 54
372, 51, 140, 4
372, 51, 140, 4
372, 51, 140, 4
372, 51, 140, 4
372, 51, 140, 4
372, 51, 140, 4
372, 51, 140, 4
372, 51, 140, 4
162, 37, 350, 18
372, 51, 140, 4
373, 55, 139, 0
373, 55, 139, 0
207, 15, 305, 40
373, 55, 139, 0
254, 28, 258, 27
0, 0, 512, 55
373, 55, 139, 0
373, 55, 139, 0
373, 55, 139, 0
373, 55, 139, 0
373, 55, 139, 0
271, 49, 241, 6
271, 49, 241, 6
0, 0, 512, 55
373, 55, 139, 0
373, 55, 139, 0
373, 55, 139, 0
0, 0, 512, 55
0, 0, 512, 55
0, 0, 512, 55
373, 55, 139, 0
373, 55, 139, 0
373, 55, 139, 0
194, 42, 318, 13
373, 55, 139, 0
373, 55, 139, 0
373, 55, 139, 0
373, 55, 139, 0
373, 55, 139, 0
373, 55, 139, 0
373, 55, 139, 0
296, 44, 216, 11
296, 44, 216, 11
296, 44, 216, 11
296, 44, 216, 11
296, 44, 216, 11
0, 0, 512, 55
0, 0, 512, 55
0, 0, 512, 55
296, 44, 216, 11
296, 44, 216, 11
294, 31, 218, 24
296, 44, 216, 11
296, 44, 216, 11
296, 44, 216, 11
130, 44, 382, 11
296, 44, 216, 11
296, 44, 216, 11
296, 44, 216, 11
296, 44, 216, 11
373, 55, 139, 0
373, 55, 139, 0
121, 31, 391, 24
43, 14, 469, 41
121, 31, 391, 24
121, 31, 391, 24
117, 23, 395, 32
121, 31, 391, 24
121, 31, 391, 24
121, 31, 391, 24
121, 31, 391, 24
373, 55, 139, 0
92, 0, 420, 55
92, 0, 420, 55
92, 0, 420, 55
92, 0, 420, 55
92, 0, 420, 55
92, 0, 420, 55
92, 0, 420, 55
92, 0, 420, 55
92, 0, 420, 55
92, 0, 420, 55
92, 0, 420, 55
92, 0, 420, 55
92, 0, 420, 55
373, 55, 139, 0
373, 55, 139, 0
0, 0, 512, 55
373, 55, 139, 0
373, 55, 139, 0
373, 55, 139, 0
373, 55, 139, 0
373, 55, 139, 0
373, 55, 139, 0
373, 55, 139, 0
373, 55, 139, 0
373, 55, 139, 0
373, 55, 139, 0
373, 55, 139, 0
373, 55, 139, 0
373, 55, 139, 0
333, 45, 179, 10
333, 45, 179, 10
373, 55, 139, 0
505, 55, 7, 0
505, 55, 7, 0
0, 0, 512, 55
505, 55, 7, 0
505, 55, 7, 0
497, 55, 15, 0
497, 55, 15, 0
0, 0, 512, 55
0, 0, 512, 55
0, 0, 512, 55
497, 55, 15, 0
505, 55, 7, 0
6, 13, 506, 42
5, 13, 507, 42
5, 13, 507, 42
6, 13, 506, 42
4, 12, 508, 43
4, 12, 508, 43
4, 13, 508, 42
4, 13, 508, 42
4, 13, 508, 42
4, 13, 508, 42
0, 1, 512, 54
0, 1, 512, 54
0, 2, 512, 53
0, 2, 512, 53
6, 13, 506, 42
6, 13, 506, 42
6, 13, 506, 42
6, 13, 506, 42
0, 2, 512, 53
0, 2, 512, 53
5, 13, 507, 42
1, 7, 511, 48
1, 7, 511, 48
5, 13, 507, 42
4, 7, 508, 48
4, 13, 508, 42
5, 13, 507, 42
0, 2, 512, 53
0, 2, 512, 53
0, 6, 512, 49
0, 6, 512, 49
0, 2, 512, 53
0, 2, 512, 53
0, 0, 512, 55
0, 0, 512, 55
0, 0, 512, 55
0, 0, 512, 55
4, 13, 508, 42
4, 13, 508, 42
0, 0, 512, 55
505, 55, 7, 0
505, 55, 7, 0
505, 55, 7, 0
505, 55, 7, 0
505, 55, 7, 0
505, 55, 7, 0
505, 55, 7, 0
505, 55, 7, 0
505, 55, 7, 0
505, 55, 7, 0
505, 55, 7, 0
505, 55, 7, 0
505, 55, 7, 0
505, 55, 7, 0
505, 55, 7, 0
505, 55, 7, 0
0, 0, 512, 55
0, 0, 512, 55
0, 0, 512, 55
0, 0, 512, 55
0, 0, 512, 55
0, 0, 512, 55
0, 0, 512, 55
0, 0, 512, 55
0, 0, 512, 55
0, 0, 512, 55
0, 0, 512, 55
0, 0, 512, 55
0, 0, 512, 55
0, 0, 512, 55
0, 0, 512, 55
0, 0, 512, 55
0, 0, 512, 55
0, 0, 512, 55
0, 0, 512, 55
0, 0, 512, 55
505, 55, 7, 0
505, 55, 7, 0
505, 55, 7, 0
505, 55, 7, 0
505, 55, 7, 0
505, 55, 7, 0
505, 55, 7, 0
497, 55, 15, 0
497, 55, 15, 0
505, 55, 7, 0
505, 55, 7, 0
505, 55, 7, 0
505, 55, 7, 0
505, 55, 7, 0
505, 55, 7, 0
0, 0, 512, 55
505, 55, 7, 0
505, 55, 7, 0
505, 55, 7, 0
0, 0, 512, 55
505, 55, 7, 0
496, 55, 16, 0
505, 55, 7, 0
505, 55, 7, 0
505, 55, 7, 0
505, 55, 7, 0
505, 55, 7, 0
505, 55, 7, 0
505, 55, 7, 0
505, 55, 7, 0
505, 55, 7, 0
4, 0, 508, 55
505, 55, 7, 0
505, 55, 7, 0
505, 55, 7, 0
505, 55, 7, 0
505, 55, 7, 0
496, 55, 16, 0
496, 55, 16, 0
496, 55, 16, 0
496, 55, 16, 0
496, 55, 16, 0
496, 55, 16, 0
496, 55, 16, 0
496, 55, 16, 0
0, 3, 512, 52
496, 52, 16, 3
496, 55, 16, 0
496, 55, 16, 0
505, 55, 7, 0
505, 55, 7, 0
0, 0, 512, 55
0, 0, 512, 55
505, 55, 7, 0
498, 55, 14, 0
498, 55, 14, 0
498, 55, 14, 0
0, 1, 512, 54
0, 1, 512, 54
2, 5, 510, 50
2, 5, 510, 50
0, 0, 512, 55
0, 0, 512, 55
2, 5, 510, 50
2, 5, 510, 50
0, 0, 512, 55
0, 0, 512, 55
0, 0, 512, 55
0, 0, 512, 55
0, 0, 512, 55
0, 0, 512, 55
0, 0, 512, 55
0, 0, 512, 55
0, 0, 512, 55
497, 54, 15, 1
497, 54, 15, 1
0, 0, 512, 55
0, 0, 512, 55
498, 55, 14, 0
498, 55, 14, 0
498, 55, 14, 0
498, 55, 14, 0
498, 55, 14, 0
498, 55, 14, 0
498, 55, 14, 0
93, 6, 419, 49
93, 6, 419, 49
93, 6, 419, 49
0, 0, 512, 55
0, 0, 512, 55
93, 6, 419, 49
93, 6, 419, 49
93, 6, 419, 49
93, 6, 419, 49
93, 6, 419, 49
93, 6, 419, 49
0, 0, 512, 55
93, 6, 419, 49
496, 52, 16, 3
496, 52, 16, 3
496, 52, 16, 3
1, 2, 511, 53
1, 2, 511, 53
495, 52, 17, 3
495, 52, 17, 3
495, 52, 17, 3
496, 52, 16, 3
1, 5, 511, 50
1, 3, 511, 52
1, 5, 511, 50
1, 5, 511, 50
1, 5, 511, 50
1, 5, 511, 50
0, 0, 512, 55
1, 5, 511, 50
1, 5, 511, 50
4, 0, 508, 55
4, 0, 508, 55
2, 4, 510, 51
2, 4, 510, 51
2, 4, 510, 51
2, 4, 510, 51
1, 1, 511, 54
1, 1, 511, 54
1, 1, 511, 54
1, 1, 511, 54
0, 0, 512, 55
1, 1, 511, 54
1, 1, 511, 54
1, 1, 511, 54
497, 54, 15, 1
497, 54, 15, 1
0, 0, 512, 55
0, 0, 512, 55
2, 4, 510, 51
0, 0, 512, 55
2, 4, 510, 51
1, 1, 511, 54
0, 0, 512, 55
0, 0, 512, 55
2, 4, 510, 51
2, 4, 510, 51
2, 4, 510, 51
92, 7, 420, 48
92, 5, 420, 50
92, 7, 420, 48
92, 7, 420, 48
92, 7, 420, 48
0, 2, 512, 53
0, 0, 512, 55
0, 2, 512, 53
0, 2, 512, 53
92, 7, 420, 48
29, 4, 483, 51
29, 4, 483, 51
63, 3, 449, 52
92, 7, 420, 48
92, 7, 420, 48
0, 0, 512, 55
0, 0, 512, 55
94, 7, 418, 48
94, 7, 418, 48
94, 7, 418, 48
94, 7, 418, 48
94, 7, 418, 48
94, 7, 418, 48
0, 0, 512, 55
0, 0, 512, 55
94, 7, 418, 48
0, 0, 512, 55
0, 0, 512, 55
94, 7, 418, 48
29, 2, 483, 53
29, 2, 483, 53
94, 7, 418, 48
94, 7, 418, 48
94, 7, 418, 48
94, 7, 418, 48
496, 52, 16, 3
496, 52, 16, 3
0, 0, 512, 55
0, 0, 512, 55
0, 0, 512, 55
496, 52, 16, 3
290, 21, 222, 34
290, 21, 222, 34
290, 21, 222, 34
496, 52, 16, 3
496, 52, 16, 3
93, 7, 419, 48
0, 0, 512, 55
93, 7, 419, 48
93, 7, 419, 48
1, 2, 511, 53
92, 5, 420, 50
93, 7, 419, 48
93, 7, 419, 48
93, 7, 419, 48
93, 7, 419, 48
486, 41, 26, 14
486, 41, 26, 14
496, 52, 16, 3
496, 52, 16, 3
379, 28, 133, 27
379, 28, 133, 27
379, 28, 133, 27
202, 26, 310, 29
202, 26, 310, 29
202, 26, 310, 29
1, 2, 511, 53
1, 2, 511, 53
1, 2, 511, 53
93, 6, 419, 49
93, 6, 419, 49
0, 0, 512, 55
0, 0, 512, 55
93, 6, 419, 49
0, 0, 512, 55
0, 0, 512, 55
0, 0, 512, 55
0, 0, 512, 55
93, 6, 419, 49
93, 6, 419, 49
92, 6, 420, 49
92, 6, 420, 49
0, 0, 512, 55
0, 0, 512, 55
92, 6, 420, 49
92, 6, 420, 49
92, 6, 420, 49
92, 6, 420, 49
0, 0, 512, 55
0, 0, 512, 55
92, 6, 420, 49
92, 6, 420, 49
194, 17, 318, 38
194, 17, 318, 38
194, 17, 318, 38
194, 17, 318, 38
194, 17, 318, 38
99, 17, 413, 38
194, 17, 318, 38
194, 17, 318, 38
194, 17, 318, 38
194, 17, 318, 38
389, 39, 123, 16
292, 26, 220, 29
389, 39, 123, 16
195, 39, 317, 16
389, 39, 123, 16
389, 39, 123, 16
389, 39, 123, 16
100, 16, 412, 39
100, 16, 412, 39
100, 16, 412, 39
290, 24, 222, 31
290, 24, 222, 31
168, 16, 344, 39
168, 16, 344, 39
491, 44, 21, 11
491, 44, 21, 11
0, 0, 512, 55
491, 44, 21, 11
490, 44, 22, 11
386, 38, 126, 17
386, 38, 126, 17
197, 18, 315, 37
197, 18, 315, 37
197, 18, 315, 37
201, 29, 311, 26
0, 3, 512, 52
0, 0, 512, 55
0, 3, 512, 52
0, 0, 512, 55
201, 29, 311, 26
2, 0, 510, 55
201, 29, 311, 26
201, 29, 311, 26
201, 29, 311, 26
201, 29, 311, 26
201, 29, 311, 26
201, 29, 311, 26
383, 30, 129, 25
0, 0, 512, 55
383, 30, 129, 25
383, 30, 129, 25
383, 30, 129, 25
383, 30, 129, 25
383, 30, 129, 25
0, 0, 512, 55
0, 0, 512, 55
0, 0, 512, 55
389, 39, 123, 16
389, 39, 123, 16
389, 39, 123, 16
389, 39, 123, 16
0, 0, 512, 55
0, 0, 512, 55
0, 0, 512, 55
0, 0, 512, 55
0, 0, 512, 55
0, 0, 512, 55
0, 0, 512, 55
0, 0, 512, 55
0, 0, 512, 55
0, 0, 512, 55
0, 0, 512, 55
0, 0, 512, 55
0, 0, 512, 55
0, 0, 512, 55
0, 0, 512, 55
0, 0, 512, 55
0, 0, 512, 55
0, 0, 512, 55
0, 0, 512, 55
0, 0, 512, 55
0, 0, 512, 55
0, 0, 512, 55
0, 0, 512, 55
0, 0, 512, 55
0, 0, 512, 55
0, 0, 512, 55
290, 24, 222, 31
0, 0, 512, 55
290, 24, 222, 31
290, 24, 222, 31
290, 24, 222, 31
290, 24, 222, 31
505, 55, 7, 0
505, 55, 7, 0
505, 55, 7, 0
505, 55, 7, 0
505, 55, 7, 0
505, 55, 7, 0
498, 54, 14, 1
505, 55, 7, 0
505, 55, 7, 0
4, 0, 508, 55
4, 0, 508, 55
4, 0, 508, 55
4, 0, 508, 55
4, 0, 508, 55
4, 0, 508, 55
3, 0, 509, 55
1, 0, 511, 55
3, 0, 509, 55
4, 0, 508, 55
4, 0, 508, 55
4, 0, 508, 55
4, 0, 508, 55
4, 0, 508, 55
4, 0, 508, 55
4, 0, 508, 55
4, 0, 508, 55
4, 0, 508, 55
4, 0, 508, 55
0, 0, 512, 55
4, 0, 508, 55
4, 0, 508, 55
4, 0, 508, 55
4, 0, 508, 55
0, 0, 512, 55
0, 0, 512, 55
0, 0, 512, 55
0, 0, 512, 55
4, 0, 508, 55
0, 0, 512, 55
4, 0, 508, 55
0, 0, 512, 55
4, 0, 508, 55
4, 0, 508, 55
4, 0, 508, 55
496, 55, 16, 0
496, 55, 16, 0
0, 0, 512, 55
0, 0, 512, 55
496, 55, 16, 0
1, 0, 511, 55
1, 0, 511, 55
0, 0, 512, 55
0, 0, 512, 55
1, 0, 511, 55
1, 5, 511, 50
1, 5, 511, 50
1, 5, 511, 50
0, 1, 512, 54
1, 5, 511, 50
1, 5, 511, 50
1, 5, 511, 50
1, 5, 511, 50
1, 5, 511, 50
1, 5, 511, 50
1, 5, 511, 50
2, 0, 510, 55
2, 0, 510, 55
2, 0, 510, 55
2, 0, 510, 55
7, 0, 505, 55
7, 0, 505, 55
7, 0, 505, 55
7, 0, 505, 55
0, 0, 512, 55
0, 0, 512, 55
0, 0, 512, 55
0, 0, 512, 55
0, 0, 512, 55
0, 0, 512, 55
0, 0, 512, 55
0, 1, 512, 54
0, 1, 512, 54
0, 1, 512, 54
0, 1, 512, 54
7, 1, 505, 54
7, 1, 505, 54
7, 1, 505, 54
29, 11, 483, 44
29, 11, 483, 44
29, 10, 483, 45
29, 10, 483, 45
29, 11, 483, 44
36, 11, 476, 44
36, 11, 476, 44
36, 11, 476, 44
4, 0, 508, 55
4, 0, 508, 55
505, 55, 7, 0
505, 55, 7, 0
505, 55, 7, 0
505, 55, 7, 0
505, 55, 7, 0
505, 55, 7, 0
505, 55, 7, 0
0, 0, 512, 55
505, 55, 7, 0
505, 55, 7, 0
505, 55, 7, 0
505, 55, 7, 0
505, 55, 7, 0
505, 55, 7, 0
505, 55, 7, 0
505, 55, 7, 0
505, 55, 7, 0
505, 55, 7, 0
505, 55, 7, 0
505, 55, 7, 0
505, 55, 7, 0
505, 55, 7, 0
505, 55, 7, 0
505, 55, 7, 0
505, 55, 7, 0
505, 55, 7, 0
505, 55, 7, 0
505, 55, 7, 0
505, 55, 7, 0
505, 55, 7, 0
505, 55, 7, 0
505, 55, 7, 0
505, 55, 7, 0
505, 55, 7, 0
505, 55, 7, 0
505, 55, 7, 0
505, 55, 7, 0
505, 55, 7, 0
505, 55, 7, 0
0, 0, 512, 55
0, 0, 512, 55
0, 0, 512, 55
0, 0, 512, 55
5, 2, 507, 53
5, 2, 507, 53
5, 2, 507, 53
107, 12, 405, 43
107, 12, 405, 43
107, 12, 405, 43
0, 0, 512, 55
0, 0, 512, 55
0, 0, 512, 55
0, 1, 512, 54
0, 1, 512, 54
2, 5, 510, 50
2, 5, 510, 50
106, 17, 406, 38
106, 17, 406, 38
106, 17, 406, 38
106, 17, 406, 38
106, 17, 406, 38
106, 17, 406, 38
2, 5, 510, 50
2, 5, 510, 50
505, 55, 7, 0
505, 55, 7, 0
505, 55, 7, 0
505, 55, 7, 0
505, 55, 7, 0
505, 55, 7, 0
505, 55, 7, 0
0, 0, 512, 55
0, 0, 512, 55
0, 0, 512, 55
0, 0, 512, 55
0, 0, 512, 55
0, 0, 512, 55
0, 0, 512, 55
0, 0, 512, 55
0, 0, 512, 55
0, 0, 512, 55
0, 0, 512, 55
0, 0, 512, 55
0, 0, 512, 55
0, 0, 512, 55
0, 0, 512, 55
0, 0, 512, 55
0, 0, 512, 55
109, 16, 403, 39
109, 16, 403, 39
109, 16, 403, 39
109, 16, 403, 39
109, 16, 403, 39
2, 5, 510, 50
2, 5, 510, 50
113, 20, 399, 35
113, 20, 399, 35
113, 20, 399, 35
109, 16, 403, 39
109, 16, 403, 39
109, 16, 403, 39
109, 15, 403, 40
109, 15, 403, 40
109, 15, 403, 40
0, 0, 512, 55
0, 0, 512, 55
0, 0, 512, 55
109, 15, 403, 40
109, 15, 403, 40
109, 15, 403, 40
0, 0, 512, 55
0, 0, 512, 55
0, 0, 512, 55
0, 0, 512, 55
0, 0, 512, 55
0, 0, 512, 55
0, 0, 512, 55
0, 0, 512, 55
0, 0, 512, 55
0, 0, 512, 55
0, 0, 512, 55
0, 0, 512, 55
0, 0, 512, 55
0, 0, 512, 55
0, 0, 512, 55
0, 0, 512, 55
106, 17, 406, 38
106, 17, 406, 38
106, 17, 406, 38
111, 19, 401, 36
111, 19, 401, 36
111, 19, 401, 36
111, 19, 401, 36
111, 19, 401, 36
111, 19, 401, 36
111, 19, 401, 36
5, 2, 507, 53
111, 19, 401, 36
109, 16, 403, 39
109, 16, 403, 39
109, 16, 403, 39
109, 16, 403, 39
109, 16, 403, 39
109, 16, 403, 39
0, 0, 512, 55
109, 16, 403, 39
109, 16, 403, 39
109, 16, 403, 39
109, 16, 403, 39
109, 16, 403, 39
109, 16, 403, 39
0, 0, 512, 55
109, 16, 403, 39
109, 16, 403, 39
109, 16, 403, 39
0, 0, 512, 55
0, 0, 512, 55
0, 0, 512, 55
0, 0, 512, 55
0, 0, 512, 55
0, 0, 512, 55
0, 0, 512, 55
0, 0, 512, 55
0, 0, 512, 55
0, 0, 512, 55
0, 0, 512, 55
0, 0, 512, 55
0, 0, 512, 55
0, 0, 512, 55
0, 0, 512, 55
0, 0, 512, 55
0, 0, 512, 55
0, 0, 512, 55
0, 0, 512, 55
0, 0, 512, 55
0, 0, 512, 55
0, 0, 512, 55
0, 0, 512, 55
0, 0, 512, 55
0, 0, 512, 55
0, 0, 512, 55
0, 0, 512, 55
0, 0, 512, 55
0, 0, 512, 55
0, 0, 512, 55
0, 0, 512, 55
0, 0, 512, 55
0, 0, 512, 55
0, 0, 512, 55
0, 0, 512, 55
0, 0, 512, 55
0, 0, 512, 55
0, 0, 512, 55
0, 0, 512, 55
0, 0, 512, 55
0, 0, 512, 55
0, 0, 512, 55
0, 0, 512, 55
0, 0, 512, 55
0, 0, 512, 55
0, 0, 512, 55
0, 0, 512, 55
0, 0, 512, 55
0, 0, 512, 55
0, 0, 512, 55
0, 0, 512, 55
0, 0, 512, 55
0, 0, 512, 55
0, 0, 512, 55
0, 0, 512, 55
0, 0, 512, 55
0, 0, 512, 55
0, 0, 512, 55
0, 0, 512, 55
0, 0, 512, 55
0, 0, 512, 55
0, 0, 512, 55
0, 0, 512, 55
0, 0, 512, 55
0, 0, 512, 55
0, 0, 512, 55
0, 0, 512, 55
0, 0, 512, 55
0, 0, 512, 55
0, 0, 512, 55
0, 0, 512, 55
0, 0, 512, 55
0, 0, 512, 55
0, 0, 512, 55
0, 0, 512, 55
0, 0, 512, 55
0, 0, 512, 55
0, 0, 512, 55
0, 0, 512, 55
0, 0, 512, 55
0, 0, 512, 55
0, 0, 512, 55
0, 0, 512, 55
0, 0, 512, 55
0, 0, 512, 55
0, 0, 512, 55
0, 0, 512, 55
0, 0, 512, 55
0, 0, 512, 55
0, 0, 512, 55
0, 0, 512, 55
0, 0, 512, 55
0, 0, 512, 55
0, 0, 512, 55
0, 0, 512, 55
0, 0, 512, 55
0, 0, 512, 55
0, 0, 512, 55
0, 0, 512, 55
0, 0, 512, 55
0, 0, 512, 55
0, 0, 512, 55
0, 0, 512, 55
0, 0, 512, 55
0, 0, 512, 55
0, 0, 512, 55
0, 0, 512, 55
0, 0, 512, 55
0, 0, 512, 55
0, 0, 512, 55
0, 0, 512, 55
0, 0, 512, 55
0, 0, 512, 55
0, 0, 512, 55
0, 0, 512, 55
0, 0, 512, 55
0, 0, 512, 55
0, 0, 512, 55
0, 0, 512, 55
0, 0, 512, 55
0, 0, 512, 55
0, 0, 512, 55
0, 0, 512, 55
0, 0, 512, 55
0, 0, 512, 55
0, 0, 512, 55
0, 0, 512, 55
0, 0, 512, 55
0, 0, 512, 55
0, 0, 512, 55
0, 0, 512, 55
0, 0, 512, 55
0, 0, 512, 55
0, 0, 512, 55
0, 0, 512, 55
0, 0, 512, 55
0, 0, 512, 55
0, 0, 512, 55
0, 0, 512, 55
0, 0, 512, 55
0, 0, 512, 55
0, 0, 512, 55
0, 0, 512, 55
0, 0, 512, 55
0, 0, 512, 55
0, 0, 512, 55
0, 0, 512, 55
0, 0, 512, 55
0, 0, 512, 55
0, 0, 512, 55
0, 0, 512, 55
0, 0, 512, 55
0, 0, 512, 55
0, 0, 512, 55
0, 0, 512, 55
0, 0, 512, 55
0, 0, 512, 55
0, 0, 512, 55
0, 0, 512, 55
0, 0, 512, 55
498, 54, 14, 1
498, 54, 14, 1
498, 54, 14, 1
498, 54, 14, 1
498, 54, 14, 1
498, 54, 14, 1
0, 0, 512, 55
498, 54, 14, 1
0, 0, 512, 55
0, 0, 512, 55
0, 0, 512, 55
498, 55, 14, 0
498, 55, 14, 0
498, 55, 14, 0
0, 1, 512, 54
0, 1, 512, 54
0, 1, 512, 54
110, 17, 402, 38
110, 17, 402, 38
110, 17, 402, 38
0, 0, 512, 55
0, 0, 512, 55
0, 0, 512, 55
0, 0, 512, 55
0, 0, 512, 55
0, 0, 512, 55
2, 4, 510, 51
2, 4, 510, 51
93, 6, 419, 49
93, 6, 419, 49
290, 24, 222, 31
290, 24, 222, 31
93, 6, 419, 49
93, 6, 419, 49
93, 6, 419, 49
93, 6, 419, 49
93, 6, 419, 49
94, 7, 418, 48
94, 7, 418, 48
94, 7, 418, 48
94, 7, 418, 48
94, 7, 418, 48
0, 0, 512, 55
0, 0, 512, 55
0, 0, 512, 55
0, 0, 512, 55
0, 0, 512, 55
0, 0, 512, 55
0, 0, 512, 55
0, 0, 512, 55
1, 4, 511, 51
1, 4, 511, 51
0, 0, 512, 55
0, 0, 512, 55
0, 0, 512, 55
0, 0, 512, 55
0, 0, 512, 55
0, 0, 512, 55
1, 0, 511, 55
1, 0, 511, 55
495, 53, 17, 2
495, 53, 17, 2
495, 53, 17, 2
495, 53, 17, 2
495, 53, 17, 2
495, 53, 17, 2
495, 53, 17, 2
495, 53, 17, 2
0, 0, 512, 55
3, 8, 509, 47
3, 8, 509, 47
3, 8, 509, 47
3, 8, 509, 47
3, 8, 509, 47
3, 8, 509, 47
3, 8, 509, 47
3, 8, 509, 47
3, 8, 509, 47
0, 0, 512, 55
1, 5, 511, 50
1, 5, 511, 50
105, 14, 407, 41
105, 14, 407, 41
105, 14, 407, 41
105, 14, 407, 41
389, 39, 123, 16
389, 39, 123, 16
389, 39, 123, 16
100, 16, 412, 39
0, 0, 512, 55
100, 16, 412, 39
100, 16, 412, 39
100, 16, 412, 39
389, 39, 123, 16
389, 39, 123, 16
389, 39, 123, 16
389, 39, 123, 16
102, 16, 410, 39
102, 16, 410, 39
102, 16, 410, 39
102, 16, 410, 39
2, 0, 510, 55
102, 16, 410, 39
102, 16, 410, 39
31, 4, 481, 51
31, 4, 481, 51
0, 0, 512, 55
71, 12, 441, 43
71, 12, 441, 43
71, 12, 441, 43
102, 16, 410, 39
487, 44, 25, 11
487, 44, 25, 11
489, 42, 23, 13
489, 42, 23, 13
1, 1, 511, 54
1, 1, 511, 54
2, 4, 510, 51
2, 4, 510, 51
0, 0, 512, 55
0, 0, 512, 55
0, 0, 512, 55
0, 0, 512, 55
0, 0, 512, 55
2, 4, 510, 51
2, 4, 510, 51
0, 0, 512, 55
0, 0, 512, 55
0, 0, 512, 55
0, 0, 512, 55
0, 0, 512, 55
290, 24, 222, 31
290, 24, 222, 31
290, 24, 222, 31
290, 24, 222, 31
0, 0, 512, 55
0, 0, 512, 55
0, 0, 512, 55
0, 0, 512, 55
0, 0, 512, 55
197, 18, 315, 37
197, 18, 315, 37
197, 18, 315, 37
197, 18, 315, 37
197, 18, 315, 37
0, 0, 512, 55
0, 0, 512, 55
0, 0, 512, 55
0, 0, 512, 55
0, 0, 512, 55
385, 37, 127, 18
385, 37, 127, 18
201, 29, 311, 26
201, 29, 311, 26
201, 29, 311, 26
201, 29, 311, 26
201, 29, 311, 26
387, 36, 125, 19
387, 36, 125, 19
389, 39, 123, 16
389, 39, 123, 16
0, 0, 512, 55
0, 0, 512, 55
0, 0, 512, 55
0, 0, 512, 55
0, 0, 512, 55
0, 0, 512, 55
0, 0, 512, 55
0, 0, 512, 55
0, 0, 512, 55
0, 0, 512, 55
0, 0, 512, 55
0, 0, 512, 55
0, 0, 512, 55
0, 0, 512, 55
0, 0, 512, 55
0, 0, 512, 55
0, 0, 512, 55
0, 0, 512, 55
0, 0, 512, 55
0, 0, 512, 55
0, 0, 512, 55
0, 0, 512, 55
0, 0, 512, 55
0, 0, 512, 55
0, 0, 512, 55
0, 0, 512, 55
0, 0, 512, 55
0, 0, 512, 55
0, 0, 512, 55
0, 0, 512, 55
0, 0, 512, 55
93, 6, 419, 49
93, 6, 419, 49
93, 6, 419, 49
93, 6, 419, 49
93, 6, 419, 49
93, 6, 419, 49
93, 6, 419, 49
0, 0, 512, 55
0, 0, 512, 55
0, 0, 512, 55
0, 0, 512, 55
0, 0, 512, 55
0, 0, 512, 55
0, 0, 512, 55
0, 0, 512, 55
0, 0, 512, 55
0, 0, 512, 55
0, 0, 512, 55
0, 0, 512, 55
102, 15, 410, 40
102, 15, 410, 40
102, 15, 410, 40
4, 3, 508, 52
4, 3, 508, 52
4, 3, 508, 52
4, 3, 508, 52
2, 3, 510, 52
2, 3, 510, 52
2, 3, 510, 52
2, 3, 510, 52
0, 0, 512, 55
0, 0, 512, 55
0, 0, 512, 55
0, 0, 512, 55
0, 0, 512, 55
0, 0, 512, 55
0, 0, 512, 55
0, 0, 512, 55
0, 0, 512, 55
0, 0, 512, 55
0, 0, 512, 55
0, 0, 512, 55
103, 20, 409, 35
103, 20, 409, 35
103, 20, 409, 35
103, 20, 409, 35
103, 20, 409, 35
103, 20, 409, 35
495, 53, 17, 2
495, 53, 17, 2
495, 53, 17, 2
495, 53, 17, 2
495, 53, 17, 2
495, 53, 17, 2
2, 3, 510, 52
2, 3, 510, 52
2, 3, 510, 52
482, 44, 30, 11
482, 44, 30, 11
482, 44, 30, 11
497, 54, 15, 1
497, 54, 15, 1
497, 54, 15, 1
497, 54, 15, 1
497, 54, 15, 1
497, 54, 15, 1
497, 54, 15, 1
497, 54, 15, 1
497, 54, 15, 1
0, 0, 512, 55
0, 0, 512, 55
0, 0, 512, 55
482, 44, 30, 11
482, 44, 30, 11
482, 44, 30, 11
481, 42, 31, 13
481, 42, 31, 13
481, 42, 31, 13
0, 0, 512, 55
0, 0, 512, 55
0, 0, 512, 55
482, 44, 30, 11
482, 44, 30, 11
482, 44, 30, 11
0, 0, 512, 55
0, 0, 512, 55
0, 0, 512, 55
0, 0, 512, 55
0, 0, 512, 55
202, 24, 310, 31
202, 24, 310, 31
202, 24, 310, 31
1, 4, 511, 51
202, 24, 310, 31
99, 14, 413, 41
99, 14, 413, 41
99, 14, 413, 41
99, 14, 413, 41
0, 0, 512, 55
0, 0, 512, 55
0, 0, 512, 55
0, 0, 512, 55
0, 0, 512, 55
0, 0, 512, 55
392, 40, 120, 15
505, 55, 7, 0
505, 55, 7, 0
505, 55, 7, 0
505, 55, 7, 0
505, 55, 7, 0
505, 55, 7, 0
505, 55, 7, 0
0, 0, 512, 55
0, 0, 512, 55
0, 0, 512, 55
0, 0, 512, 55
0, 0, 512, 55
0, 0, 512, 55
0, 0, 512, 55
0, 0, 512, 55
0, 0, 512, 55
0, 0, 512, 55
505, 55, 7, 0
491, 55, 21, 0
491, 55, 21, 0
491, 55, 21, 0
491, 55, 21, 0
491, 55, 21, 0
0, 1, 512, 54
0, 1, 512, 54
0, 1, 512, 54
505, 55, 7, 0
505, 55, 7, 0
505, 55, 7, 0
505, 55, 7, 0
505, 55, 7, 0
0, 0, 512, 55
0, 0, 512, 55
0, 0, 512, 55
0, 0, 512, 55
0, 0, 512, 55
0, 1, 512, 54
0, 0, 512, 55
505, 55, 7, 0
505, 55, 7, 0
505, 55, 7, 0
505, 55, 7, 0
505, 55, 7, 0
0, 0, 512, 55
505, 55, 7, 0
0, 0, 512, 55
0, 0, 512, 55
0, 0, 512, 55
505, 55, 7, 0
505, 55, 7, 0
0, 1, 512, 54
505, 55, 7, 0
0, 0, 512, 55
505, 55, 7, 0
505, 55, 7, 0
0, 0, 512, 55
0, 0, 512, 55
0, 0, 512, 55
0, 0, 512, 55
0, 0, 512, 55
0, 0, 512, 55
0, 0, 512, 55
0, 0, 512, 55
0, 0, 512, 55
0, 0, 512, 55
0, 0, 512, 55
0, 0, 512, 55
0, 0, 512, 55
505, 55, 7, 0
505, 55, 7, 0
505, 55, 7, 0
505, 55, 7, 0
491, 55, 21, 0
491, 55, 21, 0
491, 55, 21, 0
0, 0, 512, 55
0, 0, 512, 55
505, 55, 7, 0
505, 55, 7, 0
505, 55, 7, 0
505, 55, 7, 0
505, 55, 7, 0
505, 55, 7, 0
505, 55, 7, 0
505, 55, 7, 0
505, 55, 7, 0
505, 55, 7, 0
0, 1, 512, 54
0, 1, 512, 54
0, 1, 512, 54
0, 1, 512, 54
0, 1, 512, 54
0, 1, 512, 54
0, 1, 512, 54
0, 1, 512, 54
0, 1, 512, 54
505, 55, 7, 0
0, 0, 512, 55
0, 0, 512, 55
0, 0, 512, 55
0, 0, 512, 55
0, 0, 512, 55
0, 0, 512, 55
0, 0, 512, 55
0, 0, 512, 55
0, 0, 512, 55
0, 0, 512, 55
0, 0, 512, 55
0, 0, 512, 55
0, 0, 512, 55
104, 20, 408, 35
104, 20, 408, 35
104, 20, 408, 35
104, 20, 408, 35
0, 0, 512, 55
0, 0, 512, 55
0, 0, 512, 55
0, 0, 512, 55
0, 0, 512, 55
0, 0, 512, 55
0, 0, 512, 55
0, 0, 512, 55
0, 0, 512, 55
0, 0, 512, 55
104, 20, 408, 35
104, 20, 408, 35
104, 20, 408, 35
104, 20, 408, 35
104, 20, 408, 35
100, 16, 412, 39
100, 16, 412, 39
100, 16, 412, 39
0, 0, 512, 55
0, 0, 512, 55
0, 0, 512, 55
0, 0, 512, 55
0, 0, 512, 55
0, 0, 512, 55
0, 0, 512, 55
0, 0, 512, 55
0, 0, 512, 55
0, 0, 512, 55
0, 0, 512, 55
0, 0, 512, 55
0, 0, 512, 55
0, 0, 512, 55
100, 16, 412, 39
100, 16, 412, 39
100, 16, 412, 39
100, 16, 412, 39
100, 16, 412, 39
491, 55, 21, 0
491, 55, 21, 0
0, 0, 512, 55
491, 55, 21, 0
491, 55, 21, 0
491, 55, 21, 0
0, 0, 512, 55
0, 0, 512, 55
0, 0, 512, 55
0, 0, 512, 55
0, 0, 512, 55
0, 0, 512, 55
0, 0, 512, 55
0, 0, 512, 55
0, 0, 512, 55
0, 0, 512, 55
505, 55, 7, 0
505, 55, 7, 0
505, 55, 7, 0
505, 55, 7, 0
505, 55, 7, 0
505, 55, 7, 0
505, 55, 7, 0
505, 55, 7, 0
505, 55, 7, 0
0, 0, 512, 55
505, 55, 7, 0
505, 55, 7, 0
505, 55, 7, 0
0, 0, 512, 55
505, 55, 7, 0
505, 55, 7, 0
505, 55, 7, 0
0, 0, 512, 55
0, 0, 512, 55
0, 0, 512, 55
0, 0, 512, 55
0, 0, 512, 55
0, 0, 512, 55
0, 0, 512, 55
0, 0, 512, 55
505, 55, 7, 0
505, 55, 7, 0
505, 55, 7, 0
505, 55, 7, 0
505, 55, 7, 0
505, 55, 7, 0
505, 55, 7, 0
505, 55, 7, 0
505, 55, 7, 0
505, 55, 7, 0
505, 55, 7, 0
505, 55, 7, 0
505, 55, 7, 0
505, 55, 7, 0
491, 55, 21, 0
505, 55, 7, 0
0, 0, 512, 55
0, 0, 512, 55
0, 0, 512, 55
0, 0, 512, 55
0, 0, 512, 55
0, 0, 512, 55
0, 0, 512, 55
0, 0, 512, 55
0, 0, 512, 55
0, 0, 512, 55
0, 0, 512, 55
0, 0, 512, 55
0, 0, 512, 55
0, 0, 512, 55
0, 0, 512, 55
0, 0, 512, 55
0, 0, 512, 55
0, 0, 512, 55
0, 0, 512, 55
0, 0, 512, 55
0, 0, 512, 55
0, 0, 512, 55
0, 0, 512, 55
0, 0, 512, 55
0, 0, 512, 55
0, 0, 512, 55
0, 0, 512, 55
0, 0, 512, 55
0, 0, 512, 55
0, 0, 512, 55
0, 0, 512, 55
0, 0, 512, 55
0, 0, 512, 55
109, 15, 403, 40
109, 15, 403, 40
109, 15, 403, 40
109, 15, 403, 40
109, 15, 403, 40
109, 15, 403, 40
0, 0, 512, 55
109, 15, 403, 40
0, 0, 512, 55
109, 15, 403, 40
109, 15, 403, 40
109, 15, 403, 40
109, 15, 403, 40
109, 15, 403, 40
0, 0, 512, 55
109, 15, 403, 40
109, 15, 403, 40
0, 0, 512, 55
0, 0, 512, 55
0, 0, 512, 55
505, 55, 7, 0
505, 55, 7, 0
0, 0, 512, 55
0, 0, 512, 55
0, 0, 512, 55
0, 0, 512, 55
0, 0, 512, 55
491, 55, 21, 0
491, 55, 21, 0
0, 1, 512, 54
0, 1, 512, 54
491, 55, 21, 0
506, 55, 6, 0
506, 55, 6, 0
506, 55, 6, 0
506, 55, 6, 0
506, 55, 6, 0
1, 0, 511, 55
0, 0, 512, 55
0, 0, 512, 55
505, 55, 7, 0
505, 55, 7, 0
512, 55, 0, 0
512, 55, 0, 0
30, 3, 482, 52
30, 3, 482, 52
488, 55, 24, 0
488, 55, 24, 0
488, 55, 24, 0
488, 55, 24, 0
