224
556, 11, 0, 0
556, 11, 0, 0
556, 11, 0, 0
556, 11, 0, 0
556, 11, 0, 0
549, 11, 7, 0
534, 9, 22, 2
534, 9, 22, 2
534, 9, 22, 2
6, 0, 550, 11
534, 9, 22, 2
1, 0, 555, 11
534, 9, 22, 2
534, 9, 22, 2
0, 0, 556, 11
549, 11, 7, 0
549, 11, 7, 0
163, 0, 393, 11
0, 0, 556, 11
163, 0, 393, 11
1, 0, 555, 11
162, 0, 394, 11
162, 0, 394, 11
162, 0, 394, 11
162, 0, 394, 11
548, 11, 8, 0
162, 0, 394, 11
548, 11, 8, 0
543, 11, 13, 0
76, 3, 480, 8
467, 8, 89, 3
548, 11, 8, 0
544, 10, 12, 1
118, 3, 438, 8
426, 7, 130, 4
548, 11, 8, 0
119, 3, 437, 8
3, 0, 553, 11
116, 3, 440, 8
1, 0, 555, 11
115, 3, 441, 8
0, 0, 556, 11
115, 3, 441, 8
0, 0, 556, 11
115, 3, 441, 8
1, 0, 555, 11
543, 11, 13, 0
0, 0, 556, 11
543, 11, 13, 0
0, 0, 556, 11
0, 0, 556, 11
543, 11, 13, 0
298, 7, 258, 4
298, 7, 258, 4
298, 7, 258, 4
298, 7, 258, 4
298, 7, 258, 4
245, 4, 311, 7
245, 4, 311, 7
245, 4, 311, 7
543, 11, 13, 0
540, 11, 16, 0
539, 11, 17, 0
0, 0, 556, 11
539, 11, 17, 0
539, 11, 17, 0
539, 11, 17, 0
540, 11, 16, 0
540, 11, 16, 0
0, 0, 556, 11
540, 11, 16, 0
543, 11, 13, 0
1, 0, 555, 11
542, 11, 14, 0
1, 0, 555, 11
0, 0, 556, 11
1, 0, 555, 11
1, 0, 555, 11
1, 0, 555, 11
1, 0, 555, 11
1, 0, 555, 11
1, 0, 555, 11
1, 0, 555, 11
1, 0, 555, 11
1, 0, 555, 11
1, 0, 555, 11
1, 0, 555, 11
1, 0, 555, 11
1, 0, 555, 11
1, 0, 555, 11
1, 0, 555, 11
1, 0, 555, 11
1, 0, 555, 11
0, 0, 556, 11
1, 0, 555, 11
1, 0, 555, 11
1, 0, 555, 11
542, 11, 14, 0
1, 0, 555, 11
542, 11, 14, 0
542, 11, 14, 0
554, 11, 2, 0
554, 11, 2, 0
2, 0, 554, 11
0, 0, 556, 11
2, 0, 554, 11
0, 0, 556, 11
554, 11, 2, 0
9, 2, 547, 9
0, 0, 556, 11
9, 2, 547, 9
0, 0, 556, 11
9, 2, 547, 9
0, 0, 556, 11
554, 11, 2, 0
5, 0, 551, 11
0, 0, 556, 11
5, 0, 551, 11
0, 0, 556, 11
5, 0, 551, 11
5, 0, 551, 11
0, 0, 556, 11
5, 0, 551, 11
0, 0, 556, 11
554, 11, 2, 0
9, 0, 547, 11
9, 0, 547, 11
9, 0, 547, 11
0, 0, 556, 11
9, 0, 547, 11
3, 0, 553, 11
9, 0, 547, 11
2, 0, 554, 11
9, 0, 547, 11
2, 0, 554, 11
9, 0, 547, 11
2, 0, 554, 11
9, 0, 547, 11
2, 0, 554, 11
9, 0, 547, 11
0, 0, 556, 11
9, 0, 547, 11
2, 0, 554, 11
9, 0, 547, 11
2, 0, 554, 11
9, 0, 547, 11
9, 0, 547, 11
9, 0, 547, 11
2, 0, 554, 11
9, 0, 547, 11
3, 0, 553, 11
9, 0, 547, 11
6, 0, 550, 11
9, 0, 547, 11
2, 0, 554, 11
9, 0, 547, 11
4, 0, 552, 11
9, 0, 547, 11
0, 0, 556, 11
9, 0, 547, 11
1, 0, 555, 11
8, 0, 548, 11
9, 0, 547, 11
9, 0, 547, 11
3, 0, 553, 11
9, 0, 547, 11
1, 0, 555, 11
9, 0, 547, 11
1, 0, 555, 11
9, 0, 547, 11
8, 0, 548, 11
9, 0, 547, 11
8, 0, 548, 11
9, 0, 547, 11
2, 0, 554, 11
9, 0, 547, 11
0, 0, 556, 11
9, 0, 547, 11
1, 0, 555, 11
9, 0, 547, 11
0, 0, 556, 11
9, 0, 547, 11
9, 0, 547, 11
9, 0, 547, 11
9, 0, 547, 11
9, 0, 547, 11
2, 0, 554, 11
7, 0, 549, 11
0, 0, 556, 11
7, 0, 549, 11
9, 0, 547, 11
0, 0, 556, 11
9, 0, 547, 11
9, 0, 547, 11
9, 0, 547, 11
2, 0, 554, 11
7, 0, 549, 11
9, 0, 547, 11
9, 0, 547, 11
9, 0, 547, 11
1, 0, 555, 11
1, 0, 555, 11
8, 0, 548, 11
8, 0, 548, 11
8, 0, 548, 11
8, 0, 548, 11
8, 0, 548, 11
8, 0, 548, 11
8, 0, 548, 11
9, 0, 547, 11
8, 0, 548, 11
8, 0, 548, 11
9, 0, 547, 11
8, 0, 548, 11
8, 0, 548, 11
9, 0, 547, 11
9, 0, 547, 11
9, 0, 547, 11
554, 11, 2, 0
556, 11, 0, 0
556, 11, 0, 0
556, 11, 0, 0
556, 11, 0, 0
556, 11, 0, 0
556, 11, 0, 0
556, 11, 0, 0
556, 11, 0, 0
556, 11, 0, 0
556, 11, 0, 0
556, 11, 0, 0
556, 11, 0, 0
556, 11, 0, 0
556, 11, 0, 0
556, 11, 0, 0
556, 11, 0, 0
556, 11, 0, 0
556, 11, 0, 0
556, 11, 0, 0
556, 11, 0, 0
0, 0, 556, 11
556, 11, 0, 0
556, 11, 0, 0
556, 11, 0, 0
556, 11, 0, 0
540, 10, 16, 1
0, 0, 556, 11
0, 0, 556, 11
0, 0, 556, 11
0, 0, 556, 11
540, 10, 16, 1
540, 10, 16, 1
0, 0, 556, 11
0, 0, 556, 11
2, 0, 554, 11
2, 0, 554, 11
5, 0, 551, 11
5, 0, 551, 11
1, 0, 555, 11
471, 6, 85, 5
1, 0, 555, 11
470, 6, 86, 5
470, 6, 86, 5
470, 6, 86, 5
470, 6, 86, 5
470, 6, 86, 5
470, 6, 86, 5
468, 6, 88, 5
243, 0, 313, 11
243, 0, 313, 11
241, 2, 315, 9
241, 2, 315, 9
13, 2, 543, 9
13, 2, 543, 9
17, 1, 539, 10
17, 1, 539, 10
163, 0, 393, 11
163, 0, 393, 11
239, 3, 317, 8
239, 3, 317, 8
1, 0, 555, 11
469, 6, 87, 5
249, 3, 307, 8
249, 3, 307, 8
81, 3, 475, 8
81, 3, 475, 8
81, 3, 475, 8
80, 0, 476, 11
80, 0, 476, 11
80, 0, 476, 11
1, 0, 555, 11
1, 0, 555, 11
2, 1, 554, 10
2, 1, 554, 10
3, 0, 553, 11
3, 0, 553, 11
163, 0, 393, 11
163, 0, 393, 11
3, 0, 553, 11
3, 0, 553, 11
1, 0, 555, 11
1, 0, 555, 11
0, 0, 556, 11
1, 0, 555, 11
1, 0, 555, 11
1, 0, 555, 11
4, 0, 552, 11
1, 0, 555, 11
3, 0, 553, 11
3, 0, 553, 11
10, 4, 546, 7
10, 4, 546, 7
4, 0, 552, 11
1, 0, 555, 11
3, 0, 553, 11
3, 0, 553, 11
3, 0, 553, 11
3, 0, 553, 11
3, 0, 553, 11
3, 0, 553, 11
16, 6, 540, 5
16, 6, 540, 5
9, 0, 547, 11
9, 0, 547, 11
1, 0, 555, 11
1, 0, 555, 11
3, 0, 553, 11
3, 0, 553, 11
3, 0, 553, 11
3, 0, 553, 11
2, 0, 554, 11
2, 0, 554, 11
0, 0, 556, 11
0, 0, 556, 11
537, 10, 19, 1
550, 11, 6, 0
550, 11, 6, 0
550, 11, 6, 0
549, 11, 7, 0
549, 11, 7, 0
549, 11, 7, 0
549, 11, 7, 0
549, 11, 7, 0
549, 11, 7, 0
549, 11, 7, 0
549, 11, 7, 0
549, 11, 7, 0
549, 11, 7, 0
549, 11, 7, 0
549, 11, 7, 0
549, 11, 7, 0
549, 11, 7, 0
549, 11, 7, 0
1, 0, 555, 11
1, 0, 555, 11
540, 11, 16, 0
6, 0, 550, 11
534, 11, 22, 0
5, 0, 551, 11
5, 0, 551, 11
0, 0, 556, 11
529, 11, 27, 0
534, 11, 22, 0
161, 0, 395, 11
373, 11, 183, 0
0, 0, 556, 11
534, 11, 22, 0
161, 0, 395, 11
373, 11, 183, 0
0, 0, 556, 11
534, 11, 22, 0
8, 4, 548, 7
2, 0, 554, 11
2, 0, 554, 11
6, 4, 550, 7
0, 0, 556, 11
8, 4, 548, 7
1, 0, 555, 11
1, 0, 555, 11
1, 0, 555, 11
0, 0, 556, 11
8, 4, 548, 7
2, 3, 554, 8
8, 4, 548, 7
1, 0, 555, 11
534, 11, 22, 0
161, 7, 395, 4
534, 11, 22, 0
33, 0, 523, 11
534, 11, 22, 0
0, 2, 556, 9
0, 2, 556, 9
0, 0, 556, 11
0, 0, 556, 11
0, 0, 556, 11
534, 9, 22, 2
163, 5, 393, 6
534, 9, 22, 2
0, 0, 556, 11
0, 0, 556, 11
534, 9, 22, 2
249, 3, 307, 8
534, 9, 22, 2
459, 8, 97, 3
75, 1, 481, 10
534, 9, 22, 2
0, 0, 556, 11
0, 0, 556, 11
0, 0, 556, 11
534, 9, 22, 2
534, 9, 22, 2
534, 9, 22, 2
534, 9, 22, 2
534, 9, 22, 2
534, 9, 22, 2
534, 9, 22, 2
534, 9, 22, 2
534, 9, 22, 2
534, 9, 22, 2
0, 0, 556, 11
534, 9, 22, 2
91, 1, 465, 10
443, 8, 113, 3
443, 8, 113, 3
534, 9, 22, 2
249, 3, 307, 8
534, 9, 22, 2
161, 0, 395, 11
534, 9, 22, 2
161, 0, 395, 11
161, 0, 395, 11
534, 9, 22, 2
0, 0, 556, 11
0, 0, 556, 11
0, 0, 556, 11
0, 0, 556, 11
0, 0, 556, 11
0, 0, 556, 11
0, 0, 556, 11
0, 0, 556, 11
534, 9, 22, 2
161, 0, 395, 11
373, 9, 183, 2
373, 9, 183, 2
534, 9, 22, 2
0, 0, 556, 11
534, 9, 22, 2
289, 7, 267, 4
245, 2, 311, 9
534, 9, 22, 2
534, 9, 22, 2
534, 9, 22, 2
289, 7, 267, 4
534, 9, 22, 2
549, 11, 7, 0
549, 11, 7, 0
549, 11, 7, 0
549, 11, 7, 0
549, 11, 7, 0
549, 11, 7, 0
549, 11, 7, 0
549, 11, 7, 0
549, 11, 7, 0
549, 11, 7, 0
549, 11, 7, 0
549, 11, 7, 0
549, 11, 7, 0
549, 11, 7, 0
549, 11, 7, 0
549, 11, 7, 0
549, 11, 7, 0
549, 11, 7, 0
549, 11, 7, 0
549, 11, 7, 0
549, 11, 7, 0
549, 11, 7, 0
549, 11, 7, 0
549, 11, 7, 0
549, 11, 7, 0
549, 11, 7, 0
549, 11, 7, 0
549, 11, 7, 0
549, 11, 7, 0
549, 11, 7, 0
549, 11, 7, 0
549, 11, 7, 0
549, 11, 7, 0
549, 11, 7, 0
549, 11, 7, 0
549, 11, 7, 0
549, 11, 7, 0
549, 11, 7, 0
549, 11, 7, 0
549, 11, 7, 0
549, 11, 7, 0
549, 11, 7, 0
549, 11, 7, 0
1, 0, 555, 11
1, 0, 555, 11
1, 0, 555, 11
1, 0, 555, 11
1, 0, 555, 11
1, 0, 555, 11
1, 0, 555, 11
1, 0, 555, 11
1, 0, 555, 11
1, 0, 555, 11
1, 0, 555, 11
1, 0, 555, 11
1, 0, 555, 11
1, 0, 555, 11
1, 0, 555, 11
1, 0, 555, 11
1, 0, 555, 11
1, 0, 555, 11
1, 0, 555, 11
1, 0, 555, 11
1, 0, 555, 11
1, 0, 555, 11
1, 0, 555, 11
1, 0, 555, 11
1, 0, 555, 11
1, 0, 555, 11
1, 0, 555, 11
1, 0, 555, 11
1, 0, 555, 11
1, 0, 555, 11
1, 0, 555, 11
1, 0, 555, 11
1, 0, 555, 11
1, 0, 555, 11
1, 0, 555, 11
1, 0, 555, 11
1, 0, 555, 11
1, 0, 555, 11
1, 0, 555, 11
1, 0, 555, 11
1, 0, 555, 11
1, 0, 555, 11
424, 7, 132, 4
424, 7, 132, 4
424, 7, 132, 4
424, 7, 132, 4
424, 7, 132, 4
423, 5, 133, 6
3, 0, 553, 11
424, 7, 132, 4
424, 7, 132, 4
2, 0, 554, 11
2, 0, 554, 11
2, 0, 554, 11
424, 7, 132, 4
424, 7, 132, 4
540, 11, 16, 0
540, 11, 16, 0
2, 0, 554, 11
2, 0, 554, 11
2, 0, 554, 11
2, 0, 554, 11
2, 0, 554, 11
540, 11, 16, 0
540, 11, 16, 0
424, 7, 132, 4
540, 11, 16, 0
540, 11, 16, 0
540, 11, 16, 0
540, 11, 16, 0
540, 11, 16, 0
540, 11, 16, 0
4, 0, 552, 11
4, 0, 552, 11
4, 0, 552, 11
4, 0, 552, 11
4, 0, 552, 11
4, 0, 552, 11
4, 0, 552, 11
4, 0, 552, 11
4, 0, 552, 11
4, 0, 552, 11
4, 0, 552, 11
4, 0, 552, 11
4, 0, 552, 11
534, 9, 22, 2
534, 9, 22, 2
509, 5, 47, 6
509, 5, 47, 6
4, 0, 552, 11
4, 0, 552, 11
4, 0, 552, 11
4, 0, 552, 11
534, 9, 22, 2
33, 0, 523, 11
33, 0, 523, 11
33, 0, 523, 11
33, 0, 523, 11
33, 0, 523, 11
33, 0, 523, 11
33, 0, 523, 11
33, 0, 523, 11
33, 0, 523, 11
33, 0, 523, 11
33, 0, 523, 11
4, 0, 552, 11
4, 0, 552, 11
4, 0, 552, 11
4, 0, 552, 11
4, 0, 552, 11
4, 0, 552, 11
4, 0, 552, 11
4, 0, 552, 11
4, 0, 552, 11
4, 0, 552, 11
4, 0, 552, 11
4, 0, 552, 11
4, 0, 552, 11
4, 0, 552, 11
4, 0, 552, 11
4, 0, 552, 11
4, 0, 552, 11
4, 0, 552, 11
4, 0, 552, 11
4, 0, 552, 11
4, 0, 552, 11
4, 0, 552, 11
4, 0, 552, 11
4, 0, 552, 11
4, 0, 552, 11
4, 0, 552, 11
4, 0, 552, 11
4, 0, 552, 11
4, 0, 552, 11
4, 0, 552, 11
4, 0, 552, 11
4, 0, 552, 11
534, 9, 22, 2
534, 9, 22, 2
534, 9, 22, 2
534, 9, 22, 2
534, 9, 22, 2
534, 9, 22, 2
534, 9, 22, 2
534, 9, 22, 2
534, 9, 22, 2
534, 9, 22, 2
534, 9, 22, 2
534, 9, 22, 2
534, 9, 22, 2
534, 9, 22, 2
534, 9, 22, 2
534, 9, 22, 2
534, 9, 22, 2
534, 9, 22, 2
534, 9, 22, 2
534, 9, 22, 2
534, 9, 22, 2
534, 9, 22, 2
534, 9, 22, 2
534, 9, 22, 2
534, 9, 22, 2
534, 9, 22, 2
0, 0, 556, 11
534, 9, 22, 2
534, 9, 22, 2
534, 9, 22, 2
534, 9, 22, 2
0, 1, 556, 10
0, 1, 556, 10
0, 1, 556, 10
0, 1, 556, 10
0, 1, 556, 10
0, 1, 556, 10
0, 1, 556, 10
0, 1, 556, 10
0, 1, 556, 10
0, 1, 556, 10
0, 1, 556, 10
0, 0, 556, 11
0, 1, 556, 10
534, 9, 22, 2
534, 9, 22, 2
534, 9, 22, 2
534, 9, 22, 2
534, 9, 22, 2
534, 9, 22, 2
534, 9, 22, 2
534, 9, 22, 2
534, 9, 22, 2
534, 9, 22, 2
10, 4, 546, 7
10, 4, 546, 7
534, 9, 22, 2
534, 9, 22, 2
195, 2, 361, 9
195, 2, 361, 9
0, 0, 556, 11
0, 0, 556, 11
0, 0, 556, 11
0, 0, 556, 11
0, 0, 556, 11
195, 2, 361, 9
194, 1, 362, 10
534, 9, 22, 2
91, 1, 465, 10
91, 1, 465, 10
91, 1, 465, 10
91, 1, 465, 10
443, 8, 113, 3
23, 0, 533, 11
22, 0, 534, 11
1, 0, 555, 11
23, 0, 533, 11
23, 0, 533, 11
23, 0, 533, 11
23, 0, 533, 11
23, 0, 533, 11
23, 0, 533, 11
534, 9, 22, 2
534, 9, 22, 2
534, 9, 22, 2
534, 9, 22, 2
534, 9, 22, 2
534, 9, 22, 2
534, 9, 22, 2
534, 9, 22, 2
534, 9, 22, 2
534, 9, 22, 2
534, 9, 22, 2
534, 9, 22, 2
0, 0, 556, 11
534, 9, 22, 2
443, 8, 113, 3
0, 0, 556, 11
443, 8, 113, 3
443, 8, 113, 3
443, 8, 113, 3
534, 9, 22, 2
534, 9, 22, 2
534, 9, 22, 2
534, 9, 22, 2
534, 9, 22, 2
534, 9, 22, 2
534, 9, 22, 2
534, 9, 22, 2
534, 9, 22, 2
10, 4, 546, 7
534, 9, 22, 2
534, 9, 22, 2
534, 9, 22, 2
534, 9, 22, 2
534, 9, 22, 2
534, 9, 22, 2
534, 9, 22, 2
534, 9, 22, 2
534, 9, 22, 2
534, 9, 22, 2
534, 9, 22, 2
534, 9, 22, 2
33, 0, 523, 11
534, 9, 22, 2
534, 9, 22, 2
10, 4, 546, 7
534, 9, 22, 2
534, 9, 22, 2
534, 9, 22, 2
473, 9, 83, 2
473, 9, 83, 2
473, 9, 83, 2
9, 4, 547, 7
473, 9, 83, 2
473, 9, 83, 2
473, 9, 83, 2
473, 9, 83, 2
534, 9, 22, 2
534, 9, 22, 2
534, 9, 22, 2
0, 0, 556, 11
0, 0, 556, 11
0, 0, 556, 11
0, 0, 556, 11
0, 0, 556, 11
0, 0, 556, 11
534, 9, 22, 2
534, 9, 22, 2
534, 9, 22, 2
534, 9, 22, 2
194, 1, 362, 10
194, 1, 362, 10
534, 9, 22, 2
23, 0, 533, 11
23, 0, 533, 11
23, 0, 533, 11
23, 0, 533, 11
23, 0, 533, 11
23, 0, 533, 11
23, 0, 533, 11
23, 0, 533, 11
511, 9, 45, 2
91, 1, 465, 10
420, 8, 136, 3
420, 8, 136, 3
420, 8, 136, 3
420, 8, 136, 3
420, 8, 136, 3
420, 8, 136, 3
420, 8, 136, 3
420, 8, 136, 3
420, 8, 136, 3
534, 9, 22, 2
23, 0, 533, 11
511, 9, 45, 2
420, 8, 136, 3
420, 8, 136, 3
420, 8, 136, 3
420, 8, 136, 3
420, 8, 136, 3
534, 9, 22, 2
534, 9, 22, 2
534, 9, 22, 2
534, 9, 22, 2
534, 9, 22, 2
534, 9, 22, 2
534, 9, 22, 2
534, 9, 22, 2
534, 9, 22, 2
534, 9, 22, 2
534, 9, 22, 2
534, 9, 22, 2
534, 9, 22, 2
534, 9, 22, 2
1, 1, 555, 10
534, 9, 22, 2
534, 9, 22, 2
534, 9, 22, 2
534, 9, 22, 2
1, 1, 555, 10
114, 1, 442, 10
534, 9, 22, 2
0, 1, 556, 10
534, 9, 22, 2
534, 9, 22, 2
534, 9, 22, 2
534, 9, 22, 2
534, 9, 22, 2
534, 9, 22, 2
534, 9, 22, 2
534, 9, 22, 2
534, 9, 22, 2
534, 9, 22, 2
163, 5, 393, 6
371, 4, 185, 7
534, 9, 22, 2
534, 9, 22, 2
163, 5, 393, 6
163, 5, 393, 6
163, 5, 393, 6
163, 5, 393, 6
163, 5, 393, 6
163, 5, 393, 6
163, 5, 393, 6
371, 4, 185, 7
371, 4, 185, 7
371, 4, 185, 7
371, 4, 185, 7
371, 4, 185, 7
371, 4, 185, 7
371, 4, 185, 7
534, 9, 22, 2
534, 9, 22, 2
534, 9, 22, 2
534, 9, 22, 2
534, 9, 22, 2
534, 9, 22, 2
534, 9, 22, 2
534, 9, 22, 2
534, 9, 22, 2
534, 9, 22, 2
534, 9, 22, 2
534, 9, 22, 2
534, 9, 22, 2
534, 9, 22, 2
205, 5, 351, 6
205, 5, 351, 6
0, 0, 556, 11
205, 5, 351, 6
205, 5, 351, 6
205, 5, 351, 6
205, 5, 351, 6
534, 9, 22, 2
417, 1, 139, 10
417, 1, 139, 10
417, 1, 139, 10
1, 0, 555, 11
417, 1, 139, 10
416, 1, 140, 10
417, 1, 139, 10
417, 1, 139, 10
417, 1, 139, 10
534, 9, 22, 2
0, 0, 556, 11
534, 9, 22, 2
524, 9, 32, 2
524, 9, 32, 2
534, 9, 22, 2
534, 9, 22, 2
534, 9, 22, 2
534, 9, 22, 2
534, 9, 22, 2
534, 9, 22, 2
534, 9, 22, 2
534, 9, 22, 2
534, 9, 22, 2
534, 9, 22, 2
534, 9, 22, 2
534, 9, 22, 2
534, 9, 22, 2
0, 0, 556, 11
534, 9, 22, 2
524, 9, 32, 2
524, 9, 32, 2
524, 9, 32, 2
534, 9, 22, 2
534, 9, 22, 2
534, 9, 22, 2
534, 9, 22, 2
534, 9, 22, 2
534, 9, 22, 2
534, 9, 22, 2
205, 5, 351, 6
205, 5, 351, 6
0, 0, 556, 11
205, 5, 351, 6
205, 5, 351, 6
534, 9, 22, 2
534, 9, 22, 2
417, 1, 139, 10
417, 1, 139, 10
417, 1, 139, 10
1, 0, 555, 11
417, 1, 139, 10
534, 9, 22, 2
289, 7, 267, 4
289, 7, 267, 4
289, 7, 267, 4
289, 7, 267, 4
289, 7, 267, 4
225, 5, 331, 6
225, 5, 331, 6
225, 5, 331, 6
225, 5, 331, 6
225, 5, 331, 6
289, 7, 267, 4
289, 7, 267, 4
369, 7, 187, 4
369, 7, 187, 4
369, 7, 187, 4
369, 7, 187, 4
369, 7, 187, 4
369, 7, 187, 4
369, 7, 187, 4
369, 7, 187, 4
540, 9, 16, 2
540, 9, 16, 2
540, 9, 16, 2
469, 7, 87, 4
469, 7, 87, 4
2, 1, 554, 10
469, 7, 87, 4
469, 7, 87, 4
469, 7, 87, 4
469, 7, 87, 4
465, 7, 91, 4
465, 6, 91, 5
3, 1, 553, 10
465, 6, 91, 5
465, 6, 91, 5
332, 3, 224, 8
465, 6, 91, 5
465, 6, 91, 5
465, 6, 91, 5
465, 6, 91, 5
465, 6, 91, 5
465, 6, 91, 5
461, 5, 95, 6
461, 5, 95, 6
445, 5, 111, 6
461, 5, 95, 6
465, 7, 91, 4
469, 7, 87, 4
462, 5, 94, 6
462, 5, 94, 6
469, 7, 87, 4
469, 7, 87, 4
465, 6, 91, 5
540, 9, 16, 2
531, 9, 25, 2
531, 9, 25, 2
529, 9, 27, 2
531, 9, 25, 2
531, 9, 25, 2
531, 9, 25, 2
531, 9, 25, 2
531, 9, 25, 2
534, 9, 22, 2
534, 9, 22, 2
534, 9, 22, 2
534, 9, 22, 2
534, 9, 22, 2
534, 9, 22, 2
0, 0, 556, 11
0, 0, 556, 11
534, 9, 22, 2
534, 9, 22, 2
534, 9, 22, 2
165, 5, 391, 6
369, 4, 187, 7
91, 1, 465, 10
278, 3, 278, 8
369, 4, 187, 7
369, 4, 187, 7
369, 4, 187, 7
369, 4, 187, 7
369, 4, 187, 7
369, 4, 187, 7
534, 9, 22, 2
534, 9, 22, 2
165, 5, 391, 6
369, 4, 187, 7
369, 4, 187, 7
369, 4, 187, 7
369, 4, 187, 7
369, 4, 187, 7
112, 1, 444, 10
257, 3, 299, 8
369, 4, 187, 7
369, 4, 187, 7
369, 4, 187, 7
369, 4, 187, 7
91, 1, 465, 10
91, 1, 465, 10
91, 1, 465, 10
91, 1, 465, 10
91, 1, 465, 10
0, 0, 556, 11
91, 1, 465, 10
0, 0, 556, 11
91, 1, 465, 10
91, 1, 465, 10
91, 1, 465, 10
91, 1, 465, 10
91, 1, 465, 10
91, 1, 465, 10
91, 1, 465, 10
91, 1, 465, 10
91, 1, 465, 10
91, 1, 465, 10
91, 1, 465, 10
91, 1, 465, 10
91, 1, 465, 10
91, 1, 465, 10
91, 1, 465, 10
91, 1, 465, 10
91, 1, 465, 10
91, 1, 465, 10
91, 1, 465, 10
91, 1, 465, 10
91, 1, 465, 10
91, 1, 465, 10
91, 1, 465, 10
91, 1, 465, 10
91, 1, 465, 10
91, 1, 465, 10
91, 1, 465, 10
91, 1, 465, 10
40, 0, 516, 11
91, 1, 465, 10
289, 7, 267, 4
289, 7, 267, 4
289, 7, 267, 4
289, 7, 267, 4
3, 0, 553, 11
289, 7, 267, 4
289, 7, 267, 4
289, 7, 267, 4
289, 7, 267, 4
10, 4, 546, 7
10, 4, 546, 7
10, 4, 546, 7
10, 4, 546, 7
10, 4, 546, 7
10, 4, 546, 7
10, 4, 546, 7
289, 7, 267, 4
534, 9, 22, 2
534, 9, 22, 2
91, 1, 465, 10
443, 8, 113, 3
23, 0, 533, 11
420, 8, 136, 3
163, 5, 393, 6
163, 5, 393, 6
163, 5, 393, 6
163, 5, 393, 6
163, 5, 393, 6
163, 5, 393, 6
163, 5, 393, 6
163, 5, 393, 6
163, 5, 393, 6
163, 5, 393, 6
163, 5, 393, 6
33, 0, 523, 11
33, 0, 523, 11
33, 0, 523, 11
33, 0, 523, 11
33, 0, 523, 11
33, 0, 523, 11
33, 0, 523, 11
33, 0, 523, 11
33, 0, 523, 11
33, 0, 523, 11
33, 0, 523, 11
33, 0, 523, 11
33, 0, 523, 11
33, 0, 523, 11
33, 0, 523, 11
33, 0, 523, 11
33, 0, 523, 11
33, 0, 523, 11
33, 0, 523, 11
33, 0, 523, 11
31, 0, 525, 11
31, 0, 525, 11
31, 0, 525, 11
33, 0, 523, 11
33, 0, 523, 11
33, 0, 523, 11
33, 0, 523, 11
33, 0, 523, 11
33, 0, 523, 11
33, 0, 523, 11
33, 0, 523, 11
33, 0, 523, 11
33, 0, 523, 11
33, 0, 523, 11
33, 0, 523, 11
33, 0, 523, 11
130, 5, 426, 6
130, 5, 426, 6
130, 5, 426, 6
130, 5, 426, 6
130, 5, 426, 6
130, 5, 426, 6
163, 5, 393, 6
163, 5, 393, 6
163, 5, 393, 6
163, 5, 393, 6
163, 5, 393, 6
163, 5, 393, 6
163, 5, 393, 6
257, 3, 299, 8
257, 3, 299, 8
256, 3, 300, 8
256, 3, 300, 8
256, 3, 300, 8
256, 3, 300, 8
256, 3, 300, 8
256, 3, 300, 8
256, 3, 300, 8
256, 3, 300, 8
534, 9, 22, 2
23, 0, 533, 11
23, 0, 533, 11
23, 0, 533, 11
23, 0, 533, 11
23, 0, 533, 11
23, 0, 533, 11
23, 0, 533, 11
23, 0, 533, 11
1, 0, 555, 11
23, 0, 533, 11
23, 0, 533, 11
1, 0, 555, 11
23, 0, 533, 11
420, 8, 136, 3
420, 8, 136, 3
420, 8, 136, 3
420, 8, 136, 3
420, 8, 136, 3
420, 8, 136, 3
420, 8, 136, 3
420, 8, 136, 3
210, 5, 346, 6
210, 5, 346, 6
210, 5, 346, 6
210, 5, 346, 6
210, 5, 346, 6
420, 8, 136, 3
420, 8, 136, 3
420, 8, 136, 3
420, 8, 136, 3
534, 9, 22, 2
534, 9, 22, 2
534, 9, 22, 2
534, 9, 22, 2
23, 0, 533, 11
23, 0, 533, 11
23, 0, 533, 11
21, 0, 535, 11
21, 0, 535, 11
21, 0, 535, 11
23, 0, 533, 11
23, 0, 533, 11
21, 0, 535, 11
23, 0, 533, 11
23, 0, 533, 11
23, 0, 533, 11
511, 9, 45, 2
91, 1, 465, 10
91, 1, 465, 10
91, 1, 465, 10
91, 1, 465, 10
91, 1, 465, 10
91, 1, 465, 10
91, 1, 465, 10
91, 1, 465, 10
91, 1, 465, 10
91, 1, 465, 10
91, 1, 465, 10
91, 1, 465, 10
91, 1, 465, 10
91, 1, 465, 10
91, 1, 465, 10
91, 1, 465, 10
91, 1, 465, 10
420, 8, 136, 3
420, 8, 136, 3
420, 8, 136, 3
420, 8, 136, 3
420, 8, 136, 3
420, 8, 136, 3
420, 8, 136, 3
420, 8, 136, 3
420, 8, 136, 3
418, 8, 138, 3
2, 0, 554, 11
420, 8, 136, 3
1, 0, 555, 11
1, 0, 555, 11
534, 9, 22, 2
534, 9, 22, 2
534, 9, 22, 2
340, 8, 216, 3
289, 7, 267, 4
51, 1, 505, 10
442, 8, 114, 3
534, 9, 22, 2
194, 1, 362, 10
172, 1, 384, 10
194, 1, 362, 10
194, 1, 362, 10
194, 1, 362, 10
534, 9, 22, 2
23, 0, 533, 11
511, 9, 45, 2
91, 1, 465, 10
420, 8, 136, 3
534, 9, 22, 2
194, 1, 362, 10
194, 1, 362, 10
194, 1, 362, 10
194, 1, 362, 10
194, 1, 362, 10
194, 1, 362, 10
534, 9, 22, 2
114, 1, 442, 10
534, 9, 22, 2
163, 5, 393, 6
534, 9, 22, 2
534, 9, 22, 2
534, 9, 22, 2
534, 9, 22, 2
246, 3, 310, 8
534, 9, 22, 2
534, 9, 22, 2
194, 1, 362, 10
194, 1, 362, 10
340, 8, 216, 3
1, 0, 555, 11
1, 0, 555, 11
1, 0, 555, 11
339, 8, 217, 3
91, 1, 465, 10
91, 1, 465, 10
91, 1, 465, 10
91, 1, 465, 10
91, 1, 465, 10
91, 1, 465, 10
248, 7, 308, 4
248, 7, 308, 4
248, 7, 308, 4
93, 5, 463, 6
248, 7, 308, 4
248, 7, 308, 4
534, 9, 22, 2
112, 1, 444, 10
112, 1, 444, 10
112, 1, 444, 10
112, 1, 444, 10
112, 1, 444, 10
112, 1, 444, 10
112, 1, 444, 10
534, 9, 22, 2
534, 9, 22, 2
534, 9, 22, 2
91, 1, 465, 10
18, 0, 538, 11
73, 1, 483, 10
443, 8, 113, 3
443, 8, 113, 3
80, 1, 476, 10
443, 8, 113, 3
163, 5, 393, 6
163, 5, 393, 6
534, 9, 22, 2
420, 8, 136, 3
420, 8, 136, 3
420, 8, 136, 3
420, 8, 136, 3
420, 8, 136, 3
420, 8, 136, 3
163, 5, 393, 6
163, 5, 393, 6
163, 5, 393, 6
163, 5, 393, 6
163, 5, 393, 6
163, 5, 393, 6
163, 5, 393, 6
163, 5, 393, 6
163, 5, 393, 6
163, 5, 393, 6
163, 5, 393, 6
163, 5, 393, 6
4, 3, 552, 8
163, 5, 393, 6
163, 5, 393, 6
163, 5, 393, 6
163, 5, 393, 6
33, 0, 523, 11
163, 5, 393, 6
163, 5, 393, 6
4, 3, 552, 8
4, 3, 552, 8
4, 3, 552, 8
4, 3, 552, 8
163, 5, 393, 6
163, 5, 393, 6
257, 3, 299, 8
257, 3, 299, 8
257, 3, 299, 8
257, 3, 299, 8
420, 8, 136, 3
420, 8, 136, 3
163, 5, 393, 6
420, 8, 136, 3
420, 8, 136, 3
420, 8, 136, 3
420, 8, 136, 3
5, 1, 551, 10
420, 8, 136, 3
420, 8, 136, 3
163, 5, 393, 6
420, 8, 136, 3
420, 8, 136, 3
248, 7, 308, 4
420, 8, 136, 3
210, 5, 346, 6
9, 4, 547, 7
210, 5, 346, 6
210, 5, 346, 6
210, 5, 346, 6
9, 4, 547, 7
210, 5, 346, 6
210, 5, 346, 6
420, 8, 136, 3
420, 8, 136, 3
420, 8, 136, 3
420, 8, 136, 3
420, 8, 136, 3
420, 8, 136, 3
420, 8, 136, 3
420, 8, 136, 3
420, 8, 136, 3
332, 8, 224, 3
332, 8, 224, 3
420, 8, 136, 3
420, 8, 136, 3
420, 8, 136, 3
332, 8, 224, 3
332, 8, 224, 3
420, 8, 136, 3
420, 8, 136, 3
420, 8, 136, 3
420, 8, 136, 3
420, 8, 136, 3
420, 8, 136, 3
420, 8, 136, 3
420, 8, 136, 3
420, 8, 136, 3
420, 8, 136, 3
420, 8, 136, 3
420, 8, 136, 3
420, 8, 136, 3
420, 8, 136, 3
220, 5, 336, 6
420, 8, 136, 3
420, 8, 136, 3
420, 8, 136, 3
534, 9, 22, 2
534, 9, 22, 2
534, 9, 22, 2
534, 9, 22, 2
534, 9, 22, 2
534, 9, 22, 2
534, 9, 22, 2
534, 9, 22, 2
534, 9, 22, 2
534, 9, 22, 2
534, 9, 22, 2
534, 9, 22, 2
534, 9, 22, 2
534, 9, 22, 2
161, 5, 395, 6
161, 5, 395, 6
373, 4, 183, 7
534, 9, 22, 2
534, 9, 22, 2
161, 0, 395, 11
161, 0, 395, 11
161, 0, 395, 11
161, 0, 395, 11
161, 0, 395, 11
534, 9, 22, 2
534, 9, 22, 2
534, 9, 22, 2
534, 9, 22, 2
534, 9, 22, 2
91, 1, 465, 10
91, 1, 465, 10
91, 1, 465, 10
91, 1, 465, 10
91, 1, 465, 10
91, 1, 465, 10
91, 1, 465, 10
40, 0, 516, 11
51, 1, 505, 10
91, 1, 465, 10
91, 1, 465, 10
91, 1, 465, 10
534, 9, 22, 2
91, 1, 465, 10
443, 8, 113, 3
23, 0, 533, 11
420, 8, 136, 3
534, 9, 22, 2
369, 4, 187, 7
369, 4, 187, 7
369, 4, 187, 7
534, 9, 22, 2
194, 1, 362, 10
194, 1, 362, 10
194, 1, 362, 10
0, 0, 556, 11
194, 1, 362, 10
194, 1, 362, 10
534, 9, 22, 2
249, 3, 307, 8
249, 3, 307, 8
249, 3, 307, 8
249, 3, 307, 8
249, 3, 307, 8
248, 3, 308, 8
249, 3, 307, 8
534, 9, 22, 2
163, 5, 393, 6
163, 5, 393, 6
163, 5, 393, 6
163, 5, 393, 6
163, 5, 393, 6
33, 0, 523, 11
33, 0, 523, 11
33, 0, 523, 11
33, 0, 523, 11
33, 0, 523, 11
33, 0, 523, 11
163, 5, 393, 6
163, 5, 393, 6
163, 5, 393, 6
163, 5, 393, 6
163, 5, 393, 6
33, 0, 523, 11
33, 0, 523, 11
33, 0, 523, 11
163, 5, 393, 6
163, 5, 393, 6
163, 5, 393, 6
371, 4, 185, 7
371, 4, 185, 7
371, 4, 185, 7
371, 4, 185, 7
534, 9, 22, 2
161, 5, 395, 6
161, 5, 395, 6
161, 5, 395, 6
161, 5, 395, 6
161, 5, 395, 6
373, 4, 183, 7
373, 4, 183, 7
534, 9, 22, 2
534, 9, 22, 2
161, 0, 395, 11
161, 0, 395, 11
161, 0, 395, 11
161, 0, 395, 11
161, 0, 395, 11
373, 9, 183, 2
534, 9, 22, 2
534, 9, 22, 2
534, 9, 22, 2
534, 9, 22, 2
534, 9, 22, 2
237, 3, 319, 8
237, 3, 319, 8
297, 6, 259, 5
297, 6, 259, 5
297, 6, 259, 5
297, 6, 259, 5
297, 6, 259, 5
297, 6, 259, 5
297, 6, 259, 5
297, 6, 259, 5
297, 6, 259, 5
297, 6, 259, 5
297, 6, 259, 5
297, 6, 259, 5
297, 6, 259, 5
297, 6, 259, 5
297, 6, 259, 5
534, 9, 22, 2
534, 9, 22, 2
534, 9, 22, 2
534, 9, 22, 2
98, 1, 458, 10
98, 1, 458, 10
98, 1, 458, 10
98, 1, 458, 10
98, 1, 458, 10
534, 9, 22, 2
534, 9, 22, 2
534, 9, 22, 2
534, 9, 22, 2
534, 9, 22, 2
534, 9, 22, 2
534, 9, 22, 2
534, 9, 22, 2
161, 5, 395, 6
161, 5, 395, 6
161, 5, 395, 6
161, 5, 395, 6
161, 5, 395, 6
161, 5, 395, 6
161, 5, 395, 6
161, 5, 395, 6
534, 9, 22, 2
534, 9, 22, 2
534, 9, 22, 2
534, 9, 22, 2
534, 9, 22, 2
534, 9, 22, 2
534, 9, 22, 2
534, 9, 22, 2
534, 9, 22, 2
161, 0, 395, 11
161, 0, 395, 11
161, 0, 395, 11
161, 0, 395, 11
161, 0, 395, 11
161, 0, 395, 11
161, 0, 395, 11
161, 0, 395, 11
161, 0, 395, 11
161, 0, 395, 11
161, 0, 395, 11
161, 0, 395, 11
161, 0, 395, 11
534, 9, 22, 2
534, 9, 22, 2
249, 3, 307, 8
249, 3, 307, 8
249, 3, 307, 8
249, 3, 307, 8
249, 3, 307, 8
249, 3, 307, 8
249, 3, 307, 8
249, 3, 307, 8
249, 3, 307, 8
249, 3, 307, 8
249, 3, 307, 8
0, 0, 556, 11
0, 0, 556, 11
249, 3, 307, 8
249, 3, 307, 8
249, 3, 307, 8
249, 3, 307, 8
249, 3, 307, 8
249, 3, 307, 8
249, 3, 307, 8
0, 0, 556, 11
249, 3, 307, 8
249, 3, 307, 8
249, 3, 307, 8
249, 3, 307, 8
249, 3, 307, 8
249, 3, 307, 8
249, 3, 307, 8
249, 3, 307, 8
249, 3, 307, 8
249, 3, 307, 8
249, 3, 307, 8
249, 3, 307, 8
0, 0, 556, 11
249, 3, 307, 8
249, 3, 307, 8
249, 3, 307, 8
249, 3, 307, 8
534, 9, 22, 2
534, 9, 22, 2
534, 9, 22, 2
534, 9, 22, 2
534, 9, 22, 2
534, 9, 22, 2
534, 9, 22, 2
529, 8, 27, 3
529, 8, 27, 3
529, 8, 27, 3
534, 9, 22, 2
529, 8, 27, 3
529, 8, 27, 3
529, 8, 27, 3
534, 9, 22, 2
534, 9, 22, 2
534, 9, 22, 2
114, 1, 442, 10
420, 8, 136, 3
1, 0, 555, 11
1, 0, 555, 11
419, 8, 137, 3
534, 9, 22, 2
534, 9, 22, 2
534, 9, 22, 2
534, 9, 22, 2
534, 9, 22, 2
534, 9, 22, 2
534, 9, 22, 2
534, 9, 22, 2
534, 9, 22, 2
534, 9, 22, 2
534, 9, 22, 2
161, 0, 395, 11
161, 0, 395, 11
161, 0, 395, 11
161, 0, 395, 11
534, 9, 22, 2
534, 9, 22, 2
98, 1, 458, 10
98, 1, 458, 10
31, 0, 525, 11
31, 0, 525, 11
31, 0, 525, 11
31, 0, 525, 11
436, 8, 120, 3
130, 0, 426, 11
130, 0, 426, 11
130, 0, 426, 11
130, 0, 426, 11
534, 9, 22, 2
534, 9, 22, 2
534, 9, 22, 2
110, 3, 446, 8
534, 9, 22, 2
549, 11, 7, 0
549, 11, 7, 0
0, 0, 556, 11
0, 0, 556, 11
549, 11, 7, 0
549, 11, 7, 0
549, 11, 7, 0
549, 11, 7, 0
549, 11, 7, 0
4, 1, 552, 10
4, 1, 552, 10
0, 0, 556, 11
4, 1, 552, 10
4, 1, 552, 10
549, 11, 7, 0
549, 11, 7, 0
549, 11, 7, 0
556, 11, 0, 0
556, 11, 0, 0
556, 11, 0, 0
556, 11, 0, 0
0, 0, 556, 11
556, 11, 0, 0
0, 5, 556, 6
0, 5, 556, 6
0, 5, 556, 6
0, 0, 556, 11
0, 5, 556, 6
0, 5, 556, 6
0, 7, 556, 4
0, 7, 556, 4
0, 7, 556, 4
0, 0, 556, 11
0, 7, 556, 4
0, 7, 556, 4
534, 9, 22, 2
534, 9, 22, 2
534, 9, 22, 2
534, 9, 22, 2
534, 9, 22, 2
534, 9, 22, 2
534, 9, 22, 2
534, 9, 22, 2
538, 11, 18, 0
538, 11, 18, 0
0, 0, 556, 11
538, 11, 18, 0
1, 0, 555, 11
537, 11, 19, 0
3, 0, 553, 11
3, 0, 553, 11
550, 11, 6, 0
550, 11, 6, 0
550, 11, 6, 0
550, 11, 6, 0
550, 11, 6, 0
0, 0, 556, 11
550, 11, 6, 0
550, 11, 6, 0
430, 5, 126, 6
430, 5, 126, 6
430, 5, 126, 6
430, 5, 126, 6
430, 5, 126, 6
313, 5, 243, 6
313, 5, 243, 6
313, 5, 243, 6
313, 5, 243, 6
313, 5, 243, 6
313, 5, 243, 6
313, 5, 243, 6
3, 1, 553, 10
312, 5, 244, 6
310, 5, 246, 6
0, 0, 556, 11
0, 0, 556, 11
311, 5, 245, 6
311, 5, 245, 6
311, 5, 245, 6
313, 5, 243, 6
534, 9, 22, 2
534, 9, 22, 2
529, 9, 27, 2
534, 9, 22, 2
534, 9, 22, 2
534, 9, 22, 2
534, 9, 22, 2
529, 9, 27, 2
529, 9, 27, 2
529, 9, 27, 2
524, 9, 32, 2
524, 9, 32, 2
529, 9, 27, 2
529, 9, 27, 2
13, 2, 543, 9
13, 2, 543, 9
13, 2, 543, 9
0, 0, 556, 11
0, 0, 556, 11
0, 0, 556, 11
0, 0, 556, 11
1, 0, 555, 11
1, 0, 555, 11
1, 0, 555, 11
1, 0, 555, 11
1, 0, 555, 11
1, 0, 555, 11
0, 0, 556, 11
3, 0, 553, 11
3, 0, 553, 11
3, 0, 553, 11
0, 0, 556, 11
549, 11, 7, 0
549, 11, 7, 0
3, 0, 553, 11
546, 11, 10, 0
1, 0, 555, 11
546, 11, 10, 0
546, 11, 10, 0
546, 11, 10, 0
546, 11, 10, 0
546, 11, 10, 0
0, 0, 556, 11
546, 11, 10, 0
546, 11, 10, 0
546, 11, 10, 0
546, 11, 10, 0
530, 9, 26, 2
530, 9, 26, 2
530, 9, 26, 2
546, 11, 10, 0
531, 9, 25, 2
546, 11, 10, 0
549, 11, 7, 0
549, 11, 7, 0
549, 11, 7, 0
549, 11, 7, 0
549, 11, 7, 0
549, 11, 7, 0
542, 11, 14, 0
542, 11, 14, 0
542, 11, 14, 0
542, 11, 14, 0
542, 11, 14, 0
23, 0, 533, 11
23, 0, 533, 11
23, 0, 533, 11
23, 0, 533, 11
23, 0, 533, 11
23, 0, 533, 11
23, 0, 533, 11
23, 0, 533, 11
23, 0, 533, 11
23, 0, 533, 11
508, 8, 48, 3
508, 8, 48, 3
478, 8, 78, 3
478, 8, 78, 3
508, 8, 48, 3
508, 8, 48, 3
503, 8, 53, 3
508, 8, 48, 3
508, 8, 48, 3
508, 8, 48, 3
98, 1, 458, 10
98, 1, 458, 10
98, 1, 458, 10
98, 1, 458, 10
219, 7, 337, 4
219, 7, 337, 4
1, 0, 555, 11
1, 0, 555, 11
213, 7, 343, 4
1, 0, 555, 11
115, 5, 441, 6
3, 1, 553, 10
1, 0, 555, 11
4, 1, 552, 10
4, 1, 552, 10
4, 1, 552, 10
4, 1, 552, 10
4, 1, 552, 10
4, 1, 552, 10
4, 1, 552, 10
4, 1, 552, 10
1, 0, 555, 11
1, 0, 555, 11
1, 0, 555, 11
1, 0, 555, 11
1, 0, 555, 11
1, 0, 555, 11
1, 0, 555, 11
1, 0, 555, 11
99, 1, 457, 10
4, 1, 552, 10
4, 1, 552, 10
4, 1, 552, 10
534, 9, 22, 2
534, 9, 22, 2
534, 9, 22, 2
534, 9, 22, 2
534, 9, 22, 2
534, 9, 22, 2
534, 9, 22, 2
534, 9, 22, 2
91, 1, 465, 10
91, 1, 465, 10
91, 1, 465, 10
91, 1, 465, 10
33, 0, 523, 11
33, 0, 523, 11
33, 0, 523, 11
33, 0, 523, 11
542, 11, 14, 0
542, 11, 14, 0
542, 11, 14, 0
534, 9, 22, 2
542, 11, 14, 0
534, 9, 22, 2
534, 9, 22, 2
534, 9, 22, 2
534, 9, 22, 2
534, 9, 22, 2
1, 0, 555, 11
1, 0, 555, 11
1, 0, 555, 11
1, 0, 555, 11
1, 0, 555, 11
1, 0, 555, 11
1, 0, 555, 11
508, 8, 48, 3
508, 8, 48, 3
508, 8, 48, 3
508, 8, 48, 3
508, 8, 48, 3
534, 9, 22, 2
534, 9, 22, 2
534, 9, 22, 2
534, 9, 22, 2
534, 9, 22, 2
542, 11, 14, 0
542, 11, 14, 0
542, 11, 14, 0
542, 11, 14, 0
542, 11, 14, 0
12, 4, 544, 7
12, 4, 544, 7
12, 4, 544, 7
10, 4, 546, 7
10, 4, 546, 7
11, 4, 545, 7
10, 4, 546, 7
11, 4, 545, 7
10, 4, 546, 7
11, 4, 545, 7
12, 4, 544, 7
12, 4, 544, 7
10, 4, 546, 7
10, 4, 546, 7
10, 4, 546, 7
10, 4, 546, 7
10, 4, 546, 7
32, 1, 524, 10
32, 1, 524, 10
32, 1, 524, 10
32, 1, 524, 10
0, 0, 556, 11
32, 1, 524, 10
542, 11, 14, 0
542, 11, 14, 0
542, 11, 14, 0
542, 11, 14, 0
542, 11, 14, 0
540, 11, 16, 0
540, 11, 16, 0
540, 11, 16, 0
540, 11, 16, 0
540, 11, 16, 0
540, 11, 16, 0
540, 11, 16, 0
540, 11, 16, 0
0, 0, 556, 11
542, 11, 14, 0
542, 11, 14, 0
2, 0, 554, 11
540, 11, 16, 0
91, 1, 465, 10
91, 1, 465, 10
91, 1, 465, 10
91, 1, 465, 10
91, 1, 465, 10
91, 1, 465, 10
83, 1, 473, 10
91, 1, 465, 10
91, 1, 465, 10
0, 0, 556, 11
0, 0, 556, 11
0, 0, 556, 11
0, 0, 556, 11
0, 0, 556, 11
534, 9, 22, 2
534, 9, 22, 2
534, 9, 22, 2
534, 9, 22, 2
534, 9, 22, 2
534, 9, 22, 2
541, 11, 15, 0
541, 11, 15, 0
424, 7, 132, 4
541, 11, 15, 0
541, 11, 15, 0
541, 11, 15, 0
541, 11, 15, 0
98, 1, 458, 10
98, 1, 458, 10
98, 1, 458, 10
97, 1, 459, 10
98, 1, 458, 10
10, 4, 546, 7
10, 4, 546, 7
10, 4, 546, 7
10, 4, 546, 7
10, 4, 546, 7
10, 4, 546, 7
10, 4, 546, 7
10, 4, 546, 7
10, 4, 546, 7
10, 4, 546, 7
10, 4, 546, 7
10, 4, 546, 7
10, 4, 546, 7
10, 4, 546, 7
98, 1, 458, 10
98, 1, 458, 10
98, 1, 458, 10
98, 1, 458, 10
98, 1, 458, 10
98, 1, 458, 10
0, 0, 556, 11
0, 0, 556, 11
0, 0, 556, 11
98, 1, 458, 10
98, 1, 458, 10
0, 0, 556, 11
98, 1, 458, 10
98, 1, 458, 10
98, 1, 458, 10
98, 1, 458, 10
98, 1, 458, 10
98, 1, 458, 10
541, 11, 15, 0
541, 11, 15, 0
541, 11, 15, 0
541, 11, 15, 0
2, 3, 554, 8
541, 11, 15, 0
541, 11, 15, 0
541, 11, 15, 0
33, 0, 523, 11
33, 0, 523, 11
1, 0, 555, 11
33, 0, 523, 11
541, 11, 15, 0
541, 11, 15, 0
69, 1, 487, 10
69, 1, 487, 10
69, 1, 487, 10
69, 1, 487, 10
65, 1, 491, 10
65, 1, 491, 10
69, 1, 487, 10
69, 1, 487, 10
69, 1, 487, 10
541, 11, 15, 0
541, 11, 15, 0
541, 11, 15, 0
541, 11, 15, 0
541, 11, 15, 0
541, 11, 15, 0
0, 0, 556, 11
541, 11, 15, 0
0, 0, 556, 11
541, 11, 15, 0
541, 11, 15, 0
541, 11, 15, 0
541, 11, 15, 0
541, 11, 15, 0
98, 1, 458, 10
98, 1, 458, 10
0, 0, 556, 11
98, 1, 458, 10
98, 1, 458, 10
0, 0, 556, 11
0, 0, 556, 11
0, 0, 556, 11
0, 0, 556, 11
98, 1, 458, 10
0, 0, 556, 11
541, 11, 15, 0
541, 11, 15, 0
0, 0, 556, 11
541, 11, 15, 0
0, 0, 556, 11
541, 11, 15, 0
541, 11, 15, 0
541, 11, 15, 0
541, 11, 15, 0
406, 1, 150, 10
406, 1, 150, 10
407, 1, 149, 10
407, 1, 149, 10
406, 1, 150, 10
406, 1, 150, 10
407, 1, 149, 10
407, 1, 149, 10
407, 1, 149, 10
407, 1, 149, 10
308, 3, 248, 8
308, 3, 248, 8
0, 0, 556, 11
308, 3, 248, 8
0, 0, 556, 11
308, 3, 248, 8
308, 3, 248, 8
308, 3, 248, 8
308, 3, 248, 8
111, 1, 445, 10
111, 1, 445, 10
308, 3, 248, 8
98, 1, 458, 10
98, 1, 458, 10
210, 3, 346, 8
210, 3, 346, 8
210, 3, 346, 8
210, 3, 346, 8
308, 3, 248, 8
308, 3, 248, 8
420, 5, 136, 6
420, 5, 136, 6
0, 0, 556, 11
0, 0, 556, 11
420, 5, 136, 6
420, 5, 136, 6
420, 5, 136, 6
98, 1, 458, 10
98, 1, 458, 10
98, 1, 458, 10
97, 1, 459, 10
97, 1, 459, 10
98, 1, 458, 10
98, 1, 458, 10
98, 1, 458, 10
98, 1, 458, 10
98, 1, 458, 10
98, 1, 458, 10
549, 11, 7, 0
549, 11, 7, 0
0, 1, 556, 10
0, 0, 556, 11
0, 1, 556, 10
0, 1, 556, 10
0, 1, 556, 10
0, 1, 556, 10
0, 1, 556, 10
0, 1, 556, 10
0, 1, 556, 10
0, 1, 556, 10
0, 1, 556, 10
0, 1, 556, 10
549, 11, 7, 0
549, 11, 7, 0
549, 11, 7, 0
549, 11, 7, 0
549, 11, 7, 0
549, 11, 7, 0
549, 11, 7, 0
549, 11, 7, 0
549, 11, 7, 0
549, 11, 7, 0
549, 11, 7, 0
549, 11, 7, 0
532, 11, 24, 0
531, 11, 25, 0
287, 7, 269, 4
549, 11, 7, 0
541, 11, 15, 0
541, 11, 15, 0
541, 11, 15, 0
541, 11, 15, 0
0, 0, 556, 11
541, 11, 15, 0
541, 11, 15, 0
541, 11, 15, 0
542, 11, 14, 0
542, 11, 14, 0
2, 1, 554, 10
2, 1, 554, 10
2, 1, 554, 10
2, 1, 554, 10
2, 1, 554, 10
542, 11, 14, 0
0, 0, 556, 11
542, 11, 14, 0
542, 11, 14, 0
542, 11, 14, 0
549, 11, 7, 0
549, 11, 7, 0
549, 11, 7, 0
549, 11, 7, 0
5, 1, 551, 10
1, 0, 555, 11
4, 1, 552, 10
549, 11, 7, 0
549, 11, 7, 0
0, 0, 556, 11
549, 11, 7, 0
4, 1, 552, 10
4, 1, 552, 10
549, 11, 7, 0
549, 11, 7, 0
549, 11, 7, 0
549, 11, 7, 0
549, 11, 7, 0
549, 11, 7, 0
549, 11, 7, 0
423, 5, 133, 6
423, 5, 133, 6
423, 5, 133, 6
423, 5, 133, 6
423, 5, 133, 6
427, 5, 129, 6
427, 5, 129, 6
427, 5, 129, 6
128, 1, 428, 10
124, 1, 432, 10
4, 1, 552, 10
423, 5, 133, 6
549, 11, 7, 0
549, 11, 7, 0
549, 11, 7, 0
549, 11, 7, 0
549, 11, 7, 0
549, 11, 7, 0
549, 11, 7, 0
124, 1, 432, 10
124, 1, 432, 10
1, 0, 555, 11
124, 1, 432, 10
117, 1, 439, 10
117, 1, 439, 10
0, 0, 556, 11
0, 0, 556, 11
0, 0, 556, 11
0, 0, 556, 11
0, 0, 556, 11
0, 0, 556, 11
0, 0, 556, 11
0, 0, 556, 11
0, 0, 556, 11
549, 11, 7, 0
549, 11, 7, 0
549, 11, 7, 0
0, 0, 556, 11
549, 11, 7, 0
549, 11, 7, 0
0, 0, 556, 11
549, 11, 7, 0
549, 11, 7, 0
549, 11, 7, 0
549, 11, 7, 0
549, 11, 7, 0
5, 1, 551, 10
5, 1, 551, 10
420, 8, 136, 3
420, 8, 136, 3
420, 8, 136, 3
420, 8, 136, 3
420, 8, 136, 3
420, 8, 136, 3
420, 8, 136, 3
420, 8, 136, 3
333, 8, 223, 3
333, 8, 223, 3
332, 8, 224, 3
332, 8, 224, 3
332, 8, 224, 3
191, 1, 365, 10
191, 1, 365, 10
191, 1, 365, 10
191, 1, 365, 10
420, 8, 136, 3
420, 8, 136, 3
266, 7, 290, 4
266, 7, 290, 4
1, 1, 555, 10
1, 1, 555, 10
1, 1, 555, 10
420, 8, 136, 3
420, 8, 136, 3
332, 8, 224, 3
191, 1, 365, 10
191, 1, 365, 10
420, 8, 136, 3
420, 8, 136, 3
96, 5, 460, 6
420, 8, 136, 3
420, 8, 136, 3
420, 8, 136, 3
420, 8, 136, 3
420, 8, 136, 3
420, 8, 136, 3
210, 5, 346, 6
210, 3, 346, 8
420, 8, 136, 3
0, 0, 556, 11
420, 8, 136, 3
332, 8, 224, 3
332, 8, 224, 3
332, 8, 224, 3
332, 8, 224, 3
169, 5, 387, 6
169, 5, 387, 6
169, 5, 387, 6
169, 5, 387, 6
163, 3, 393, 8
163, 3, 393, 8
163, 3, 393, 8
332, 8, 224, 3
420, 8, 136, 3
28, 1, 528, 10
28, 1, 528, 10
28, 1, 528, 10
28, 1, 528, 10
28, 1, 528, 10
28, 1, 528, 10
28, 1, 528, 10
28, 1, 528, 10
91, 1, 465, 10
91, 1, 465, 10
91, 1, 465, 10
0, 0, 556, 11
91, 1, 465, 10
91, 1, 465, 10
91, 1, 465, 10
0, 0, 556, 11
91, 1, 465, 10
91, 1, 465, 10
91, 1, 465, 10
60, 0, 496, 11
91, 1, 465, 10
91, 1, 465, 10
10, 0, 546, 11
91, 1, 465, 10
91, 1, 465, 10
91, 1, 465, 10
91, 1, 465, 10
91, 1, 465, 10
91, 1, 465, 10
91, 1, 465, 10
91, 1, 465, 10
54, 1, 502, 10
91, 1, 465, 10
91, 1, 465, 10
54, 1, 502, 10
54, 1, 502, 10
534, 9, 22, 2
534, 9, 22, 2
534, 9, 22, 2
534, 9, 22, 2
534, 9, 22, 2
534, 9, 22, 2
210, 5, 346, 6
210, 5, 346, 6
207, 5, 349, 6
207, 5, 349, 6
210, 5, 346, 6
534, 9, 22, 2
420, 8, 136, 3
420, 8, 136, 3
420, 8, 136, 3
420, 8, 136, 3
18, 0, 538, 11
420, 8, 136, 3
420, 8, 136, 3
420, 8, 136, 3
420, 8, 136, 3
420, 8, 136, 3
420, 8, 136, 3
420, 8, 136, 3
420, 8, 136, 3
420, 8, 136, 3
420, 8, 136, 3
420, 8, 136, 3
420, 8, 136, 3
420, 8, 136, 3
420, 8, 136, 3
420, 8, 136, 3
200, 5, 356, 6
420, 8, 136, 3
420, 8, 136, 3
420, 8, 136, 3
420, 8, 136, 3
420, 8, 136, 3
420, 8, 136, 3
414, 8, 142, 3
414, 8, 142, 3
415, 8, 141, 3
415, 8, 141, 3
415, 8, 141, 3
415, 8, 141, 3
189, 2, 367, 9
189, 2, 367, 9
138, 1, 418, 10
189, 2, 367, 9
0, 0, 556, 11
189, 2, 367, 9
189, 2, 367, 9
151, 1, 405, 10
151, 1, 405, 10
151, 1, 405, 10
151, 1, 405, 10
0, 1, 556, 10
151, 1, 405, 10
367, 8, 189, 3
415, 8, 141, 3
415, 8, 141, 3
415, 8, 141, 3
0, 1, 556, 10
415, 8, 141, 3
415, 8, 141, 3
415, 8, 141, 3
415, 8, 141, 3
415, 8, 141, 3
415, 8, 141, 3
415, 8, 141, 3
415, 8, 141, 3
196, 3, 360, 8
415, 8, 141, 3
420, 8, 136, 3
420, 8, 136, 3
217, 5, 339, 6
420, 8, 136, 3
276, 6, 280, 5
0, 0, 556, 11
420, 8, 136, 3
420, 8, 136, 3
420, 8, 136, 3
420, 8, 136, 3
420, 8, 136, 3
313, 7, 243, 4
313, 7, 243, 4
0, 0, 556, 11
420, 8, 136, 3
420, 8, 136, 3
420, 8, 136, 3
0, 0, 556, 11
0, 0, 556, 11
0, 0, 556, 11
420, 8, 136, 3
420, 8, 136, 3
420, 8, 136, 3
229, 7, 327, 4
420, 8, 136, 3
420, 8, 136, 3
420, 8, 136, 3
420, 8, 136, 3
420, 8, 136, 3
420, 8, 136, 3
420, 8, 136, 3
332, 8, 224, 3
332, 8, 224, 3
332, 8, 224, 3
332, 8, 224, 3
332, 8, 224, 3
0, 0, 556, 11
0, 0, 556, 11
0, 0, 556, 11
332, 8, 224, 3
332, 8, 224, 3
319, 6, 237, 5
332, 8, 224, 3
332, 8, 224, 3
332, 8, 224, 3
169, 5, 387, 6
332, 8, 224, 3
332, 8, 224, 3
332, 8, 224, 3
332, 8, 224, 3
420, 8, 136, 3
420, 8, 136, 3
147, 5, 409, 6
53, 4, 503, 7
147, 5, 409, 6
147, 5, 409, 6
137, 3, 419, 8
147, 5, 409, 6
147, 5, 409, 6
147, 5, 409, 6
147, 5, 409, 6
420, 8, 136, 3
91, 1, 465, 10
91, 1, 465, 10
91, 1, 465, 10
91, 1, 465, 10
91, 1, 465, 10
91, 1, 465, 10
91, 1, 465, 10
91, 1, 465, 10
91, 1, 465, 10
91, 1, 465, 10
91, 1, 465, 10
91, 1, 465, 10
91, 1, 465, 10
420, 8, 136, 3
420, 8, 136, 3
0, 0, 556, 11
420, 8, 136, 3
420, 8, 136, 3
420, 8, 136, 3
420, 8, 136, 3
420, 8, 136, 3
420, 8, 136, 3
420, 8, 136, 3
420, 8, 136, 3
420, 8, 136, 3
420, 8, 136, 3
420, 8, 136, 3
420, 8, 136, 3
420, 8, 136, 3
370, 8, 186, 3
370, 8, 186, 3
420, 8, 136, 3
549, 11, 7, 0
549, 11, 7, 0
0, 0, 556, 11
549, 11, 7, 0
549, 11, 7, 0
541, 11, 15, 0
541, 11, 15, 0
0, 0, 556, 11
0, 0, 556, 11
0, 0, 556, 11
541, 11, 15, 0
549, 11, 7, 0
13, 6, 543, 5
12, 6, 544, 5
12, 6, 544, 5
13, 6, 543, 5
11, 5, 545, 6
11, 5, 545, 6
11, 6, 545, 5
11, 6, 545, 5
11, 6, 545, 5
11, 6, 545, 5
1, 0, 555, 11
1, 0, 555, 11
1, 1, 555, 10
1, 1, 555, 10
13, 6, 543, 5
13, 6, 543, 5
13, 6, 543, 5
13, 6, 543, 5
1, 1, 555, 10
1, 1, 555, 10
12, 6, 544, 5
6, 2, 550, 9
6, 2, 550, 9
12, 6, 544, 5
6, 5, 550, 6
11, 6, 545, 5
12, 6, 544, 5
1, 1, 555, 10
1, 1, 555, 10
5, 1, 551, 10
5, 1, 551, 10
1, 1, 555, 10
1, 1, 555, 10
0, 0, 556, 11
0, 0, 556, 11
0, 0, 556, 11
0, 0, 556, 11
11, 6, 545, 5
11, 6, 545, 5
0, 0, 556, 11
549, 11, 7, 0
549, 11, 7, 0
549, 11, 7, 0
549, 11, 7, 0
549, 11, 7, 0
549, 11, 7, 0
549, 11, 7, 0
549, 11, 7, 0
549, 11, 7, 0
549, 11, 7, 0
549, 11, 7, 0
549, 11, 7, 0
549, 11, 7, 0
549, 11, 7, 0
549, 11, 7, 0
549, 11, 7, 0
0, 0, 556, 11
0, 0, 556, 11
0, 0, 556, 11
0, 0, 556, 11
0, 0, 556, 11
0, 0, 556, 11
0, 0, 556, 11
0, 0, 556, 11
0, 0, 556, 11
0, 0, 556, 11
0, 0, 556, 11
0, 0, 556, 11
0, 0, 556, 11
0, 0, 556, 11
0, 0, 556, 11
0, 0, 556, 11
0, 0, 556, 11
0, 0, 556, 11
0, 0, 556, 11
0, 0, 556, 11
549, 11, 7, 0
549, 11, 7, 0
549, 11, 7, 0
549, 11, 7, 0
549, 11, 7, 0
549, 11, 7, 0
549, 11, 7, 0
541, 11, 15, 0
541, 11, 15, 0
549, 11, 7, 0
549, 11, 7, 0
549, 11, 7, 0
549, 11, 7, 0
549, 11, 7, 0
549, 11, 7, 0
0, 0, 556, 11
549, 11, 7, 0
549, 11, 7, 0
549, 11, 7, 0
0, 0, 556, 11
549, 11, 7, 0
540, 11, 16, 0
549, 11, 7, 0
549, 11, 7, 0
549, 11, 7, 0
549, 11, 7, 0
549, 11, 7, 0
549, 11, 7, 0
549, 11, 7, 0
549, 11, 7, 0
549, 11, 7, 0
4, 0, 552, 11
549, 11, 7, 0
549, 11, 7, 0
549, 11, 7, 0
549, 11, 7, 0
549, 11, 7, 0
540, 11, 16, 0
540, 11, 16, 0
540, 11, 16, 0
540, 11, 16, 0
540, 11, 16, 0
540, 11, 16, 0
540, 11, 16, 0
540, 11, 16, 0
3, 0, 553, 11
537, 11, 19, 0
540, 11, 16, 0
540, 11, 16, 0
549, 11, 7, 0
549, 11, 7, 0
0, 0, 556, 11
0, 0, 556, 11
549, 11, 7, 0
542, 11, 14, 0
542, 11, 14, 0
542, 11, 14, 0
1, 0, 555, 11
1, 0, 555, 11
6, 1, 550, 10
6, 1, 550, 10
0, 0, 556, 11
0, 0, 556, 11
6, 1, 550, 10
6, 1, 550, 10
0, 0, 556, 11
0, 0, 556, 11
0, 0, 556, 11
0, 0, 556, 11
0, 0, 556, 11
0, 0, 556, 11
0, 0, 556, 11
0, 0, 556, 11
0, 0, 556, 11
540, 11, 16, 0
540, 11, 16, 0
0, 0, 556, 11
0, 0, 556, 11
542, 11, 14, 0
542, 11, 14, 0
542, 11, 14, 0
542, 11, 14, 0
542, 11, 14, 0
542, 11, 14, 0
542, 11, 14, 0
98, 1, 458, 10
98, 1, 458, 10
98, 1, 458, 10
0, 0, 556, 11
0, 0, 556, 11
98, 1, 458, 10
98, 1, 458, 10
98, 1, 458, 10
98, 1, 458, 10
98, 1, 458, 10
98, 1, 458, 10
0, 0, 556, 11
98, 1, 458, 10
537, 11, 19, 0
537, 11, 19, 0
537, 11, 19, 0
2, 1, 554, 10
2, 1, 554, 10
536, 11, 20, 0
536, 11, 20, 0
536, 11, 20, 0
537, 11, 19, 0
5, 1, 551, 10
3, 1, 553, 10
5, 1, 551, 10
5, 1, 551, 10
5, 1, 551, 10
5, 1, 551, 10
0, 0, 556, 11
5, 1, 551, 10
5, 1, 551, 10
4, 0, 552, 11
4, 0, 552, 11
5, 1, 551, 10
5, 1, 551, 10
5, 1, 551, 10
5, 1, 551, 10
1, 1, 555, 10
1, 1, 555, 10
1, 1, 555, 10
1, 1, 555, 10
0, 0, 556, 11
1, 1, 555, 10
1, 1, 555, 10
1, 1, 555, 10
540, 11, 16, 0
540, 11, 16, 0
0, 0, 556, 11
0, 0, 556, 11
5, 1, 551, 10
0, 0, 556, 11
5, 1, 551, 10
1, 1, 555, 10
0, 0, 556, 11
0, 0, 556, 11
5, 1, 551, 10
5, 1, 551, 10
5, 1, 551, 10
98, 1, 458, 10
96, 1, 460, 10
98, 1, 458, 10
98, 1, 458, 10
98, 1, 458, 10
2, 0, 554, 11
0, 0, 556, 11
2, 0, 554, 11
2, 0, 554, 11
98, 1, 458, 10
33, 0, 523, 11
33, 0, 523, 11
65, 1, 491, 10
98, 1, 458, 10
98, 1, 458, 10
0, 0, 556, 11
0, 0, 556, 11
100, 1, 456, 10
100, 1, 456, 10
100, 1, 456, 10
100, 1, 456, 10
100, 1, 456, 10
100, 1, 456, 10
0, 0, 556, 11
0, 0, 556, 11
100, 1, 456, 10
0, 0, 556, 11
0, 0, 556, 11
100, 1, 456, 10
31, 0, 525, 11
31, 0, 525, 11
100, 1, 456, 10
100, 1, 456, 10
100, 1, 456, 10
100, 1, 456, 10
537, 11, 19, 0
537, 11, 19, 0
0, 0, 556, 11
0, 0, 556, 11
0, 0, 556, 11
537, 11, 19, 0
308, 3, 248, 8
308, 3, 248, 8
308, 3, 248, 8
537, 11, 19, 0
537, 11, 19, 0
99, 1, 457, 10
0, 0, 556, 11
99, 1, 457, 10
99, 1, 457, 10
3, 0, 553, 11
96, 1, 460, 10
99, 1, 457, 10
99, 1, 457, 10
99, 1, 457, 10
99, 1, 457, 10
516, 11, 40, 0
516, 11, 40, 0
537, 11, 19, 0
537, 11, 19, 0
406, 1, 150, 10
406, 1, 150, 10
406, 1, 150, 10
223, 5, 333, 6
223, 5, 333, 6
223, 5, 333, 6
2, 1, 554, 10
2, 1, 554, 10
2, 1, 554, 10
98, 1, 458, 10
98, 1, 458, 10
0, 0, 556, 11
0, 0, 556, 11
98, 1, 458, 10
0, 0, 556, 11
0, 0, 556, 11
0, 0, 556, 11
0, 0, 556, 11
98, 1, 458, 10
98, 1, 458, 10
97, 1, 459, 10
97, 1, 459, 10
0, 0, 556, 11
0, 0, 556, 11
97, 1, 459, 10
97, 1, 459, 10
97, 1, 459, 10
97, 1, 459, 10
0, 0, 556, 11
0, 0, 556, 11
97, 1, 459, 10
97, 1, 459, 10
208, 3, 348, 8
208, 3, 348, 8
208, 3, 348, 8
208, 3, 348, 8
208, 3, 348, 8
113, 3, 443, 8
208, 3, 348, 8
208, 3, 348, 8
208, 3, 348, 8
208, 3, 348, 8
423, 5, 133, 6
313, 5, 243, 6
423, 5, 133, 6
231, 3, 325, 8
423, 5, 133, 6
423, 5, 133, 6
423, 5, 133, 6
115, 1, 441, 10
115, 1, 441, 10
115, 1, 441, 10
313, 1, 243, 10
313, 1, 243, 10
183, 1, 373, 10
183, 1, 373, 10
524, 11, 32, 0
524, 11, 32, 0
0, 0, 556, 11
524, 11, 32, 0
523, 11, 33, 0
423, 1, 133, 10
423, 1, 133, 10
210, 5, 346, 6
210, 5, 346, 6
210, 5, 346, 6
229, 1, 327, 10
3, 0, 553, 11
0, 0, 556, 11
3, 0, 553, 11
0, 0, 556, 11
229, 1, 327, 10
2, 0, 554, 11
229, 1, 327, 10
229, 1, 327, 10
229, 1, 327, 10
229, 1, 327, 10
229, 1, 327, 10
229, 1, 327, 10
408, 5, 148, 6
0, 0, 556, 11
408, 5, 148, 6
408, 5, 148, 6
408, 5, 148, 6
408, 5, 148, 6
408, 5, 148, 6
0, 0, 556, 11
0, 0, 556, 11
0, 0, 556, 11
423, 5, 133, 6
423, 5, 133, 6
423, 5, 133, 6
423, 5, 133, 6
0, 0, 556, 11
0, 0, 556, 11
0, 0, 556, 11
0, 0, 556, 11
0, 0, 556, 11
0, 0, 556, 11
0, 0, 556, 11
0, 0, 556, 11
0, 0, 556, 11
0, 0, 556, 11
0, 0, 556, 11
0, 0, 556, 11
0, 0, 556, 11
0, 0, 556, 11
0, 0, 556, 11
0, 0, 556, 11
0, 0, 556, 11
0, 0, 556, 11
0, 0, 556, 11
0, 0, 556, 11
0, 0, 556, 11
0, 0, 556, 11
0, 0, 556, 11
0, 0, 556, 11
0, 0, 556, 11
0, 0, 556, 11
313, 1, 243, 10
0, 0, 556, 11
313, 1, 243, 10
313, 1, 243, 10
313, 1, 243, 10
313, 1, 243, 10
549, 11, 7, 0
549, 11, 7, 0
549, 11, 7, 0
549, 11, 7, 0
549, 11, 7, 0
549, 11, 7, 0
541, 11, 15, 0
549, 11, 7, 0
549, 11, 7, 0
4, 0, 552, 11
4, 0, 552, 11
4, 0, 552, 11
4, 0, 552, 11
4, 0, 552, 11
4, 0, 552, 11
3, 0, 553, 11
1, 0, 555, 11
3, 0, 553, 11
4, 0, 552, 11
4, 0, 552, 11
4, 0, 552, 11
4, 0, 552, 11
4, 0, 552, 11
4, 0, 552, 11
4, 0, 552, 11
4, 0, 552, 11
4, 0, 552, 11
4, 0, 552, 11
0, 0, 556, 11
4, 0, 552, 11
4, 0, 552, 11
4, 0, 552, 11
4, 0, 552, 11
0, 0, 556, 11
0, 0, 556, 11
0, 0, 556, 11
0, 0, 556, 11
4, 0, 552, 11
0, 0, 556, 11
4, 0, 552, 11
0, 0, 556, 11
4, 0, 552, 11
4, 0, 552, 11
4, 0, 552, 11
540, 11, 16, 0
540, 11, 16, 0
0, 0, 556, 11
0, 0, 556, 11
540, 11, 16, 0
1, 0, 555, 11
1, 0, 555, 11
0, 0, 556, 11
0, 0, 556, 11
1, 0, 555, 11
5, 1, 551, 10
5, 1, 551, 10
5, 1, 551, 10
1, 0, 555, 11
5, 1, 551, 10
5, 1, 551, 10
5, 1, 551, 10
5, 1, 551, 10
5, 1, 551, 10
5, 1, 551, 10
5, 1, 551, 10
2, 0, 554, 11
2, 0, 554, 11
2, 0, 554, 11
2, 0, 554, 11
7, 0, 549, 11
7, 0, 549, 11
7, 0, 549, 11
7, 0, 549, 11
0, 0, 556, 11
0, 0, 556, 11
0, 0, 556, 11
0, 0, 556, 11
0, 0, 556, 11
0, 0, 556, 11
0, 0, 556, 11
1, 0, 555, 11
1, 0, 555, 11
1, 0, 555, 11
1, 0, 555, 11
8, 0, 548, 11
8, 0, 548, 11
8, 0, 548, 11
40, 0, 516, 11
40, 0, 516, 11
39, 0, 517, 11
39, 0, 517, 11
40, 0, 516, 11
47, 0, 509, 11
47, 0, 509, 11
47, 0, 509, 11
4, 0, 552, 11
4, 0, 552, 11
549, 11, 7, 0
549, 11, 7, 0
549, 11, 7, 0
549, 11, 7, 0
549, 11, 7, 0
549, 11, 7, 0
549, 11, 7, 0
0, 0, 556, 11
549, 11, 7, 0
549, 11, 7, 0
549, 11, 7, 0
549, 11, 7, 0
549, 11, 7, 0
549, 11, 7, 0
549, 11, 7, 0
549, 11, 7, 0
549, 11, 7, 0
549, 11, 7, 0
549, 11, 7, 0
549, 11, 7, 0
549, 11, 7, 0
549, 11, 7, 0
549, 11, 7, 0
549, 11, 7, 0
549, 11, 7, 0
549, 11, 7, 0
549, 11, 7, 0
549, 11, 7, 0
549, 11, 7, 0
549, 11, 7, 0
549, 11, 7, 0
549, 11, 7, 0
549, 11, 7, 0
549, 11, 7, 0
549, 11, 7, 0
549, 11, 7, 0
549, 11, 7, 0
549, 11, 7, 0
549, 11, 7, 0
0, 0, 556, 11
0, 0, 556, 11
0, 0, 556, 11
0, 0, 556, 11
2, 5, 554, 6
2, 5, 554, 6
2, 5, 554, 6
119, 0, 437, 11
119, 0, 437, 11
119, 0, 437, 11
0, 0, 556, 11
0, 0, 556, 11
0, 0, 556, 11
1, 0, 555, 11
1, 0, 555, 11
6, 1, 550, 10
6, 1, 550, 10
123, 0, 433, 11
123, 0, 433, 11
123, 0, 433, 11
123, 0, 433, 11
123, 0, 433, 11
123, 0, 433, 11
6, 1, 550, 10
6, 1, 550, 10
549, 11, 7, 0
549, 11, 7, 0
549, 11, 7, 0
549, 11, 7, 0
549, 11, 7, 0
549, 11, 7, 0
549, 11, 7, 0
0, 0, 556, 11
0, 0, 556, 11
0, 0, 556, 11
0, 0, 556, 11
0, 0, 556, 11
0, 0, 556, 11
0, 0, 556, 11
0, 0, 556, 11
0, 0, 556, 11
0, 0, 556, 11
0, 0, 556, 11
0, 0, 556, 11
0, 0, 556, 11
0, 0, 556, 11
0, 0, 556, 11
0, 0, 556, 11
0, 0, 556, 11
124, 1, 432, 10
124, 1, 432, 10
124, 1, 432, 10
124, 1, 432, 10
124, 1, 432, 10
6, 1, 550, 10
6, 1, 550, 10
128, 5, 428, 6
128, 5, 428, 6
128, 5, 428, 6
124, 1, 432, 10
124, 1, 432, 10
124, 1, 432, 10
121, 3, 435, 8
121, 3, 435, 8
121, 3, 435, 8
0, 0, 556, 11
0, 0, 556, 11
0, 0, 556, 11
121, 3, 435, 8
121, 3, 435, 8
121, 3, 435, 8
0, 0, 556, 11
0, 0, 556, 11
0, 0, 556, 11
0, 0, 556, 11
0, 0, 556, 11
0, 0, 556, 11
0, 0, 556, 11
0, 0, 556, 11
0, 0, 556, 11
0, 0, 556, 11
0, 0, 556, 11
0, 0, 556, 11
0, 0, 556, 11
0, 0, 556, 11
0, 0, 556, 11
0, 0, 556, 11
123, 0, 433, 11
123, 0, 433, 11
123, 0, 433, 11
125, 5, 431, 6
125, 5, 431, 6
125, 5, 431, 6
125, 5, 431, 6
125, 5, 431, 6
125, 5, 431, 6
125, 5, 431, 6
2, 5, 554, 6
125, 5, 431, 6
124, 1, 432, 10
124, 1, 432, 10
124, 1, 432, 10
124, 1, 432, 10
124, 1, 432, 10
124, 1, 432, 10
0, 0, 556, 11
124, 1, 432, 10
124, 1, 432, 10
124, 1, 432, 10
124, 1, 432, 10
124, 1, 432, 10
124, 1, 432, 10
0, 0, 556, 11
124, 1, 432, 10
124, 1, 432, 10
124, 1, 432, 10
0, 0, 556, 11
0, 0, 556, 11
0, 0, 556, 11
0, 0, 556, 11
0, 0, 556, 11
0, 0, 556, 11
0, 0, 556, 11
0, 0, 556, 11
0, 0, 556, 11
0, 0, 556, 11
0, 0, 556, 11
0, 0, 556, 11
0, 0, 556, 11
0, 0, 556, 11
0, 0, 556, 11
0, 0, 556, 11
0, 0, 556, 11
0, 0, 556, 11
0, 0, 556, 11
0, 0, 556, 11
0, 0, 556, 11
0, 0, 556, 11
0, 0, 556, 11
0, 0, 556, 11
0, 0, 556, 11
0, 0, 556, 11
0, 0, 556, 11
0, 0, 556, 11
0, 0, 556, 11
0, 0, 556, 11
0, 0, 556, 11
0, 0, 556, 11
0, 0, 556, 11
0, 0, 556, 11
0, 0, 556, 11
0, 0, 556, 11
0, 0, 556, 11
0, 0, 556, 11
0, 0, 556, 11
0, 0, 556, 11
0, 0, 556, 11
0, 0, 556, 11
0, 0, 556, 11
0, 0, 556, 11
0, 0, 556, 11
0, 0, 556, 11
0, 0, 556, 11
0, 0, 556, 11
0, 0, 556, 11
0, 0, 556, 11
0, 0, 556, 11
0, 0, 556, 11
0, 0, 556, 11
0, 0, 556, 11
0, 0, 556, 11
0, 0, 556, 11
0, 0, 556, 11
0, 0, 556, 11
0, 0, 556, 11
0, 0, 556, 11
0, 0, 556, 11
0, 0, 556, 11
0, 0, 556, 11
0, 0, 556, 11
0, 0, 556, 11
0, 0, 556, 11
0, 0, 556, 11
0, 0, 556, 11
0, 0, 556, 11
0, 0, 556, 11
0, 0, 556, 11
0, 0, 556, 11
0, 0, 556, 11
0, 0, 556, 11
0, 0, 556, 11
0, 0, 556, 11
0, 0, 556, 11
0, 0, 556, 11
0, 0, 556, 11
0, 0, 556, 11
0, 0, 556, 11
0, 0, 556, 11
0, 0, 556, 11
0, 0, 556, 11
0, 0, 556, 11
0, 0, 556, 11
0, 0, 556, 11
0, 0, 556, 11
0, 0, 556, 11
0, 0, 556, 11
0, 0, 556, 11
0, 0, 556, 11
0, 0, 556, 11
0, 0, 556, 11
0, 0, 556, 11
0, 0, 556, 11
0, 0, 556, 11
0, 0, 556, 11
0, 0, 556, 11
0, 0, 556, 11
0, 0, 556, 11
0, 0, 556, 11
0, 0, 556, 11
0, 0, 556, 11
0, 0, 556, 11
0, 0, 556, 11
0, 0, 556, 11
0, 0, 556, 11
0, 0, 556, 11
0, 0, 556, 11
0, 0, 556, 11
0, 0, 556, 11
0, 0, 556, 11
0, 0, 556, 11
0, 0, 556, 11
0, 0, 556, 11
0, 0, 556, 11
0, 0, 556, 11
0, 0, 556, 11
0, 0, 556, 11
0, 0, 556, 11
0, 0, 556, 11
0, 0, 556, 11
0, 0, 556, 11
0, 0, 556, 11
0, 0, 556, 11
0, 0, 556, 11
0, 0, 556, 11
0, 0, 556, 11
0, 0, 556, 11
0, 0, 556, 11
0, 0, 556, 11
0, 0, 556, 11
0, 0, 556, 11
0, 0, 556, 11
0, 0, 556, 11
0, 0, 556, 11
0, 0, 556, 11
0, 0, 556, 11
0, 0, 556, 11
0, 0, 556, 11
0, 0, 556, 11
0, 0, 556, 11
0, 0, 556, 11
0, 0, 556, 11
0, 0, 556, 11
0, 0, 556, 11
0, 0, 556, 11
0, 0, 556, 11
0, 0, 556, 11
0, 0, 556, 11
0, 0, 556, 11
0, 0, 556, 11
0, 0, 556, 11
0, 0, 556, 11
0, 0, 556, 11
0, 0, 556, 11
0, 0, 556, 11
0, 0, 556, 11
0, 0, 556, 11
541, 11, 15, 0
541, 11, 15, 0
541, 11, 15, 0
541, 11, 15, 0
541, 11, 15, 0
541, 11, 15, 0
0, 0, 556, 11
541, 11, 15, 0
0, 0, 556, 11
0, 0, 556, 11
0, 0, 556, 11
542, 11, 14, 0
542, 11, 14, 0
542, 11, 14, 0
1, 0, 555, 11
1, 0, 555, 11
1, 0, 555, 11
122, 5, 434, 6
122, 5, 434, 6
122, 5, 434, 6
0, 0, 556, 11
0, 0, 556, 11
0, 0, 556, 11
0, 0, 556, 11
0, 0, 556, 11
0, 0, 556, 11
5, 1, 551, 10
5, 1, 551, 10
98, 1, 458, 10
98, 1, 458, 10
313, 1, 243, 10
313, 1, 243, 10
98, 1, 458, 10
98, 1, 458, 10
98, 1, 458, 10
98, 1, 458, 10
98, 1, 458, 10
100, 1, 456, 10
100, 1, 456, 10
100, 1, 456, 10
100, 1, 456, 10
100, 1, 456, 10
0, 0, 556, 11
0, 0, 556, 11
0, 0, 556, 11
0, 0, 556, 11
0, 0, 556, 11
0, 0, 556, 11
0, 0, 556, 11
0, 0, 556, 11
2, 3, 554, 8
2, 3, 554, 8
0, 0, 556, 11
0, 0, 556, 11
0, 0, 556, 11
0, 0, 556, 11
0, 0, 556, 11
0, 0, 556, 11
1, 0, 555, 11
1, 0, 555, 11
537, 11, 19, 0
537, 11, 19, 0
537, 11, 19, 0
537, 11, 19, 0
537, 11, 19, 0
537, 11, 19, 0
537, 11, 19, 0
537, 11, 19, 0
0, 0, 556, 11
8, 3, 548, 8
8, 3, 548, 8
8, 3, 548, 8
8, 3, 548, 8
8, 3, 548, 8
8, 3, 548, 8
8, 3, 548, 8
8, 3, 548, 8
8, 3, 548, 8
0, 0, 556, 11
5, 1, 551, 10
5, 1, 551, 10
114, 5, 442, 6
114, 5, 442, 6
114, 5, 442, 6
114, 5, 442, 6
423, 5, 133, 6
423, 5, 133, 6
423, 5, 133, 6
115, 1, 441, 10
0, 0, 556, 11
115, 1, 441, 10
115, 1, 441, 10
115, 1, 441, 10
423, 5, 133, 6
423, 5, 133, 6
423, 5, 133, 6
423, 5, 133, 6
117, 1, 439, 10
117, 1, 439, 10
117, 1, 439, 10
117, 1, 439, 10
2, 0, 554, 11
117, 1, 439, 10
117, 1, 439, 10
35, 0, 521, 11
35, 0, 521, 11
0, 0, 556, 11
82, 1, 474, 10
82, 1, 474, 10
82, 1, 474, 10
117, 1, 439, 10
524, 7, 32, 4
524, 7, 32, 4
520, 11, 36, 0
520, 11, 36, 0
1, 1, 555, 10
1, 1, 555, 10
5, 1, 551, 10
5, 1, 551, 10
0, 0, 556, 11
0, 0, 556, 11
0, 0, 556, 11
0, 0, 556, 11
0, 0, 556, 11
5, 1, 551, 10
5, 1, 551, 10
0, 0, 556, 11
0, 0, 556, 11
0, 0, 556, 11
0, 0, 556, 11
0, 0, 556, 11
313, 1, 243, 10
313, 1, 243, 10
313, 1, 243, 10
313, 1, 243, 10
0, 0, 556, 11
0, 0, 556, 11
0, 0, 556, 11
0, 0, 556, 11
0, 0, 556, 11
210, 5, 346, 6
210, 5, 346, 6
210, 5, 346, 6
210, 5, 346, 6
210, 5, 346, 6
0, 0, 556, 11
0, 0, 556, 11
0, 0, 556, 11
0, 0, 556, 11
0, 0, 556, 11
421, 1, 135, 10
421, 1, 135, 10
229, 1, 327, 10
229, 1, 327, 10
229, 1, 327, 10
229, 1, 327, 10
229, 1, 327, 10
418, 5, 138, 6
418, 5, 138, 6
423, 5, 133, 6
423, 5, 133, 6
0, 0, 556, 11
0, 0, 556, 11
0, 0, 556, 11
0, 0, 556, 11
0, 0, 556, 11
0, 0, 556, 11
0, 0, 556, 11
0, 0, 556, 11
0, 0, 556, 11
0, 0, 556, 11
0, 0, 556, 11
0, 0, 556, 11
0, 0, 556, 11
0, 0, 556, 11
0, 0, 556, 11
0, 0, 556, 11
0, 0, 556, 11
0, 0, 556, 11
0, 0, 556, 11
0, 0, 556, 11
0, 0, 556, 11
0, 0, 556, 11
0, 0, 556, 11
0, 0, 556, 11
0, 0, 556, 11
0, 0, 556, 11
0, 0, 556, 11
0, 0, 556, 11
0, 0, 556, 11
0, 0, 556, 11
0, 0, 556, 11
98, 1, 458, 10
98, 1, 458, 10
98, 1, 458, 10
98, 1, 458, 10
98, 1, 458, 10
98, 1, 458, 10
98, 1, 458, 10
0, 0, 556, 11
0, 0, 556, 11
0, 0, 556, 11
0, 0, 556, 11
0, 0, 556, 11
0, 0, 556, 11
0, 0, 556, 11
0, 0, 556, 11
0, 0, 556, 11
0, 0, 556, 11
0, 0, 556, 11
0, 0, 556, 11
114, 3, 442, 8
114, 3, 442, 8
114, 3, 442, 8
0, 7, 556, 4
0, 7, 556, 4
0, 7, 556, 4
0, 7, 556, 4
0, 5, 556, 6
0, 5, 556, 6
0, 5, 556, 6
0, 5, 556, 6
0, 0, 556, 11
0, 0, 556, 11
0, 0, 556, 11
0, 0, 556, 11
0, 0, 556, 11
0, 0, 556, 11
0, 0, 556, 11
0, 0, 556, 11
0, 0, 556, 11
0, 0, 556, 11
0, 0, 556, 11
0, 0, 556, 11
122, 1, 434, 10
122, 1, 434, 10
122, 1, 434, 10
122, 1, 434, 10
122, 1, 434, 10
122, 1, 434, 10
537, 11, 19, 0
537, 11, 19, 0
537, 11, 19, 0
537, 11, 19, 0
537, 11, 19, 0
537, 11, 19, 0
4, 1, 552, 10
4, 1, 552, 10
4, 1, 552, 10
523, 3, 33, 8
523, 3, 33, 8
523, 3, 33, 8
540, 11, 16, 0
540, 11, 16, 0
540, 11, 16, 0
540, 11, 16, 0
540, 11, 16, 0
540, 11, 16, 0
540, 11, 16, 0
540, 11, 16, 0
540, 11, 16, 0
0, 0, 556, 11
0, 0, 556, 11
0, 0, 556, 11
523, 3, 33, 8
523, 3, 33, 8
523, 3, 33, 8
520, 3, 36, 8
520, 3, 36, 8
520, 3, 36, 8
0, 0, 556, 11
0, 0, 556, 11
0, 0, 556, 11
523, 3, 33, 8
523, 3, 33, 8
523, 3, 33, 8
0, 0, 556, 11
0, 0, 556, 11
0, 0, 556, 11
0, 0, 556, 11
0, 0, 556, 11
219, 7, 337, 4
219, 7, 337, 4
219, 7, 337, 4
4, 1, 552, 10
219, 7, 337, 4
110, 3, 446, 8
110, 3, 446, 8
110, 3, 446, 8
110, 3, 446, 8
0, 0, 556, 11
0, 0, 556, 11
0, 0, 556, 11
0, 0, 556, 11
0, 0, 556, 11
0, 0, 556, 11
426, 6, 130, 5
549, 11, 7, 0
549, 11, 7, 0
549, 11, 7, 0
549, 11, 7, 0
549, 11, 7, 0
549, 11, 7, 0
549, 11, 7, 0
0, 0, 556, 11
0, 0, 556, 11
0, 0, 556, 11
0, 0, 556, 11
0, 0, 556, 11
0, 0, 556, 11
0, 0, 556, 11
0, 0, 556, 11
0, 0, 556, 11
0, 0, 556, 11
549, 11, 7, 0
537, 9, 19, 2
537, 9, 19, 2
537, 9, 19, 2
537, 9, 19, 2
537, 9, 19, 2
1, 0, 555, 11
1, 0, 555, 11
1, 0, 555, 11
549, 11, 7, 0
549, 11, 7, 0
549, 11, 7, 0
549, 11, 7, 0
549, 11, 7, 0
0, 0, 556, 11
0, 0, 556, 11
0, 0, 556, 11
0, 0, 556, 11
0, 0, 556, 11
1, 0, 555, 11
0, 0, 556, 11
549, 11, 7, 0
549, 11, 7, 0
549, 11, 7, 0
549, 11, 7, 0
549, 11, 7, 0
0, 0, 556, 11
549, 11, 7, 0
0, 0, 556, 11
0, 0, 556, 11
0, 0, 556, 11
549, 11, 7, 0
549, 11, 7, 0
0, 1, 556, 10
549, 11, 7, 0
0, 0, 556, 11
549, 11, 7, 0
549, 11, 7, 0
0, 0, 556, 11
0, 0, 556, 11
0, 0, 556, 11
0, 0, 556, 11
0, 0, 556, 11
0, 0, 556, 11
0, 0, 556, 11
0, 0, 556, 11
0, 0, 556, 11
0, 0, 556, 11
0, 0, 556, 11
0, 0, 556, 11
0, 0, 556, 11
549, 11, 7, 0
549, 11, 7, 0
549, 11, 7, 0
549, 11, 7, 0
537, 9, 19, 2
537, 9, 19, 2
537, 9, 19, 2
0, 0, 556, 11
0, 0, 556, 11
549, 11, 7, 0
549, 11, 7, 0
549, 11, 7, 0
549, 11, 7, 0
549, 11, 7, 0
549, 11, 7, 0
549, 11, 7, 0
549, 11, 7, 0
549, 11, 7, 0
549, 11, 7, 0
0, 1, 556, 10
0, 1, 556, 10
0, 1, 556, 10
0, 1, 556, 10
0, 1, 556, 10
0, 1, 556, 10
0, 1, 556, 10
0, 1, 556, 10
0, 1, 556, 10
549, 11, 7, 0
0, 0, 556, 11
0, 0, 556, 11
0, 0, 556, 11
0, 0, 556, 11
0, 0, 556, 11
0, 0, 556, 11
0, 0, 556, 11
0, 0, 556, 11
0, 0, 556, 11
0, 0, 556, 11
0, 0, 556, 11
0, 0, 556, 11
0, 0, 556, 11
121, 3, 435, 8
121, 3, 435, 8
121, 3, 435, 8
121, 3, 435, 8
0, 0, 556, 11
0, 0, 556, 11
0, 0, 556, 11
0, 0, 556, 11
0, 0, 556, 11
0, 0, 556, 11
0, 0, 556, 11
0, 0, 556, 11
0, 0, 556, 11
0, 0, 556, 11
121, 3, 435, 8
121, 3, 435, 8
121, 3, 435, 8
121, 3, 435, 8
121, 3, 435, 8
115, 1, 441, 10
115, 1, 441, 10
115, 1, 441, 10
0, 0, 556, 11
0, 0, 556, 11
0, 0, 556, 11
0, 0, 556, 11
0, 0, 556, 11
0, 0, 556, 11
0, 0, 556, 11
0, 0, 556, 11
0, 0, 556, 11
0, 0, 556, 11
0, 0, 556, 11
0, 0, 556, 11
0, 0, 556, 11
0, 0, 556, 11
115, 1, 441, 10
115, 1, 441, 10
115, 1, 441, 10
115, 1, 441, 10
115, 1, 441, 10
537, 9, 19, 2
537, 9, 19, 2
0, 0, 556, 11
537, 9, 19, 2
537, 9, 19, 2
537, 9, 19, 2
0, 0, 556, 11
0, 0, 556, 11
0, 0, 556, 11
0, 0, 556, 11
0, 0, 556, 11
0, 0, 556, 11
0, 0, 556, 11
0, 0, 556, 11
0, 0, 556, 11
0, 0, 556, 11
549, 11, 7, 0
549, 11, 7, 0
549, 11, 7, 0
549, 11, 7, 0
549, 11, 7, 0
549, 11, 7, 0
549, 11, 7, 0
549, 11, 7, 0
549, 11, 7, 0
0, 0, 556, 11
549, 11, 7, 0
549, 11, 7, 0
549, 11, 7, 0
0, 0, 556, 11
549, 11, 7, 0
549, 11, 7, 0
549, 11, 7, 0
0, 0, 556, 11
0, 0, 556, 11
0, 0, 556, 11
0, 0, 556, 11
0, 0, 556, 11
0, 0, 556, 11
0, 0, 556, 11
549, 11, 7, 0
549, 11, 7, 0
549, 11, 7, 0
549, 11, 7, 0
549, 11, 7, 0
549, 11, 7, 0
549, 11, 7, 0
549, 11, 7, 0
549, 11, 7, 0
549, 11, 7, 0
549, 11, 7, 0
549, 11, 7, 0
549, 11, 7, 0
549, 11, 7, 0
537, 9, 19, 2
549, 11, 7, 0
0, 0, 556, 11
0, 0, 556, 11
0, 0, 556, 11
0, 0, 556, 11
0, 0, 556, 11
0, 0, 556, 11
0, 0, 556, 11
0, 0, 556, 11
0, 0, 556, 11
0, 0, 556, 11
0, 0, 556, 11
0, 0, 556, 11
0, 0, 556, 11
0, 0, 556, 11
0, 0, 556, 11
0, 0, 556, 11
0, 0, 556, 11
0, 0, 556, 11
0, 0, 556, 11
0, 0, 556, 11
0, 0, 556, 11
0, 0, 556, 11
0, 0, 556, 11
0, 0, 556, 11
0, 0, 556, 11
0, 0, 556, 11
0, 0, 556, 11
0, 0, 556, 11
0, 0, 556, 11
0, 0, 556, 11
0, 0, 556, 11
0, 0, 556, 11
0, 0, 556, 11
121, 3, 435, 8
121, 3, 435, 8
121, 3, 435, 8
121, 3, 435, 8
121, 3, 435, 8
121, 3, 435, 8
0, 0, 556, 11
121, 3, 435, 8
0, 0, 556, 11
121, 3, 435, 8
121, 3, 435, 8
121, 3, 435, 8
121, 3, 435, 8
121, 3, 435, 8
0, 0, 556, 11
121, 3, 435, 8
121, 3, 435, 8
0, 0, 556, 11
0, 0, 556, 11
0, 0, 556, 11
549, 11, 7, 0
549, 11, 7, 0
0, 0, 556, 11
0, 0, 556, 11
0, 0, 556, 11
0, 0, 556, 11
0, 0, 556, 11
537, 9, 19, 2
537, 9, 19, 2
1, 0, 555, 11
1, 0, 555, 11
537, 9, 19, 2
550, 11, 6, 0
550, 11, 6, 0
550, 11, 6, 0
550, 11, 6, 0
550, 11, 6, 0
1, 0, 555, 11
0, 0, 556, 11
0, 0, 556, 11
549, 11, 7, 0
549, 11, 7, 0
556, 11, 0, 0
556, 11, 0, 0
32, 1, 524, 10
32, 1, 524, 10
534, 9, 22, 2
534, 9, 22, 2
534, 9, 22, 2
534, 9, 22, 2
