1166
220, 347, 0, 0
220, 347, 0, 0
220, 347, 0, 0
220, 347, 0, 0
220, 347, 0, 0
205, 347, 15, 0
196, 347, 24, 0
196, 347, 24, 0
196, 347, 24, 0
0, 6, 220, 341
196, 347, 24, 0
0, 1, 220, 346
196, 347, 24, 0
196, 347, 24, 0
0, 0, 220, 347
217, 347, 3, 0
217, 347, 3, 0
0, 2, 220, 345
0, 0, 220, 347
0, 2, 220, 345
0, 0, 220, 347
217, 347, 3, 0
11, 0, 209, 347
0, 0, 220, 347
11, 0, 209, 347
0, 0, 220, 347
11, 0, 209, 347
0, 0, 220, 347
217, 347, 3, 0
0, 5, 220, 342
0, 0, 220, 347
0, 5, 220, 342
0, 0, 220, 347
0, 5, 220, 342
0, 5, 220, 342
0, 0, 220, 347
0, 5, 220, 342
0, 0, 220, 347
217, 347, 3, 0
3, 6, 217, 341
3, 6, 217, 341
3, 6, 217, 341
0, 0, 220, 347
3, 6, 217, 341
0, 3, 220, 344
3, 6, 217, 341
0, 2, 220, 345
3, 6, 217, 341
0, 2, 220, 345
3, 6, 217, 341
0, 2, 220, 345
3, 6, 217, 341
0, 2, 220, 345
3, 6, 217, 341
0, 0, 220, 347
3, 6, 217, 341
0, 2, 220, 345
3, 6, 217, 341
0, 2, 220, 345
3, 6, 217, 341
3, 6, 217, 341
3, 6, 217, 341
0, 2, 220, 345
3, 6, 217, 341
2, 1, 218, 346
3, 6, 217, 341
1, 5, 219, 342
3, 6, 217, 341
0, 2, 220, 345
3, 6, 217, 341
1, 3, 219, 344
3, 6, 217, 341
0, 1, 220, 346
3, 5, 217, 342
3, 6, 217, 341
3, 6, 217, 341
3, 0, 217, 347
3, 6, 217, 341
1, 0, 219, 347
3, 6, 217, 341
1, 0, 219, 347
3, 6, 217, 341
2, 6, 218, 341
3, 6, 217, 341
2, 6, 218, 341
3, 6, 217, 341
2, 0, 218, 347
3, 6, 217, 341
0, 1, 220, 346
3, 6, 217, 341
0, 0, 220, 347
3, 6, 217, 341
3, 6, 217, 341
3, 6, 217, 341
3, 6, 217, 341
3, 6, 217, 341
2, 0, 218, 347
1, 6, 219, 341
0, 0, 220, 347
1, 6, 219, 341
3, 6, 217, 341
0, 0, 220, 347
3, 6, 217, 341
3, 6, 217, 341
3, 6, 217, 341
2, 0, 218, 347
1, 6, 219, 341
3, 6, 217, 341
3, 6, 217, 341
3, 6, 217, 341
1, 0, 219, 347
1, 0, 219, 347
2, 6, 218, 341
2, 6, 218, 341
2, 6, 218, 341
2, 6, 218, 341
2, 6, 218, 341
2, 6, 218, 341
2, 6, 218, 341
3, 6, 217, 341
2, 6, 218, 341
2, 6, 218, 341
3, 6, 217, 341
2, 6, 218, 341
2, 6, 218, 341
3, 6, 217, 341
3, 6, 217, 341
3, 6, 217, 341
217, 347, 3, 0
220, 347, 0, 0
220, 347, 0, 0
220, 347, 0, 0
220, 347, 0, 0
220, 347, 0, 0
220, 347, 0, 0
220, 347, 0, 0
220, 347, 0, 0
220, 347, 0, 0
220, 347, 0, 0
220, 347, 0, 0
220, 347, 0, 0
220, 347, 0, 0
220, 347, 0, 0
220, 347, 0, 0
220, 347, 0, 0
220, 347, 0, 0
220, 347, 0, 0
0, 0, 220, 347
220, 347, 0, 0
220, 347, 0, 0
220, 347, 0, 0
214, 336, 6, 11
214, 336, 6, 11
214, 336, 6, 11
0, 0, 220, 347
0, 0, 220, 347
0, 2, 220, 345
0, 2, 220, 345
0, 2, 220, 345
0, 5, 220, 342
0, 5, 220, 342
1, 0, 219, 347
195, 283, 25, 64
1, 0, 219, 347
194, 283, 26, 64
194, 283, 26, 64
194, 283, 26, 64
194, 283, 26, 64
194, 283, 26, 64
194, 283, 26, 64
191, 283, 29, 64
103, 140, 117, 207
103, 140, 117, 207
2, 241, 218, 106
2, 241, 218, 106
3, 12, 217, 335
3, 12, 217, 335
17, 1, 203, 346
17, 1, 203, 346
83, 80, 137, 267
83, 80, 137, 267
102, 140, 118, 207
102, 140, 118, 207
1, 0, 219, 347
193, 283, 27, 64
95, 157, 125, 190
95, 157, 125, 190
44, 40, 176, 307
44, 40, 176, 307
44, 40, 176, 307
0, 80, 220, 267
0, 80, 220, 267
0, 80, 220, 267
1, 0, 219, 347
1, 0, 219, 347
1, 2, 219, 345
1, 2, 219, 345
1, 2, 219, 345
0, 3, 220, 344
0, 3, 220, 344
71, 92, 149, 255
71, 92, 149, 255
0, 3, 220, 344
0, 3, 220, 344
0, 1, 220, 346
1, 3, 219, 344
1, 0, 219, 347
0, 3, 220, 344
0, 3, 220, 344
6, 8, 214, 339
6, 8, 214, 339
2, 2, 218, 345
1, 0, 219, 347
1, 2, 219, 345
1, 2, 219, 345
0, 3, 220, 344
0, 3, 220, 344
0, 3, 220, 344
0, 3, 220, 344
8, 14, 212, 333
8, 14, 212, 333
3, 6, 217, 341
3, 6, 217, 341
1, 0, 219, 347
1, 0, 219, 347
0, 3, 220, 344
0, 3, 220, 344
1, 2, 219, 345
1, 2, 219, 345
1, 2, 219, 345
0, 2, 220, 345
0, 2, 220, 345
0, 2, 220, 345
1, 0, 219, 347
1, 0, 219, 347
1, 0, 219, 347
210, 336, 10, 11
213, 347, 7, 0
212, 343, 8, 4
28, 52, 192, 295
184, 291, 36, 56
213, 347, 7, 0
212, 343, 8, 4
29, 93, 191, 254
183, 250, 37, 97
213, 347, 7, 0
71, 92, 149, 255
0, 0, 220, 347
71, 92, 149, 255
1, 0, 219, 347
70, 92, 150, 255
70, 92, 150, 255
70, 92, 150, 255
212, 347, 8, 0
3, 0, 217, 347
209, 347, 11, 0
1, 0, 219, 347
208, 347, 12, 0
1, 0, 219, 347
207, 347, 13, 0
0, 0, 220, 347
207, 347, 13, 0
207, 344, 13, 3
0, 0, 220, 347
207, 344, 13, 3
207, 344, 13, 3
207, 344, 13, 3
207, 344, 13, 3
0, 0, 220, 347
207, 344, 13, 3
207, 347, 13, 0
207, 347, 13, 0
207, 347, 13, 0
206, 347, 14, 0
0, 5, 220, 342
0, 5, 220, 342
0, 0, 220, 347
206, 342, 14, 5
206, 347, 14, 0
206, 347, 14, 0
206, 347, 14, 0
1, 0, 219, 347
205, 347, 15, 0
0, 1, 220, 346
0, 1, 220, 346
0, 1, 220, 346
0, 1, 220, 346
0, 1, 220, 346
0, 1, 220, 346
0, 1, 220, 346
0, 1, 220, 346
0, 1, 220, 346
0, 1, 220, 346
0, 1, 220, 346
0, 1, 220, 346
0, 1, 220, 346
0, 1, 220, 346
0, 1, 220, 346
205, 347, 15, 0
205, 347, 15, 0
205, 347, 15, 0
205, 347, 15, 0
205, 347, 15, 0
205, 347, 15, 0
205, 347, 15, 0
205, 347, 15, 0
205, 347, 15, 0
205, 347, 15, 0
205, 347, 15, 0
7, 295, 213, 52
7, 295, 213, 52
7, 295, 213, 52
7, 295, 213, 52
7, 295, 213, 52
198, 52, 22, 295
198, 52, 22, 295
198, 52, 22, 295
205, 347, 15, 0
205, 347, 15, 0
205, 347, 15, 0
205, 347, 15, 0
205, 347, 15, 0
205, 347, 15, 0
0, 0, 220, 347
0, 0, 220, 347
204, 347, 16, 0
6, 0, 214, 347
198, 347, 22, 0
70, 92, 150, 255
128, 255, 92, 92
0, 0, 220, 347
198, 347, 22, 0
70, 92, 150, 255
128, 255, 92, 92
0, 0, 220, 347
198, 347, 22, 0
4, 8, 216, 339
0, 2, 220, 345
0, 2, 220, 345
4, 8, 216, 339
0, 1, 220, 346
0, 1, 220, 346
0, 1, 220, 346
0, 0, 220, 347
4, 8, 216, 339
2, 3, 218, 344
4, 8, 216, 339
0, 1, 220, 346
198, 347, 22, 0
72, 97, 148, 250
198, 347, 22, 0
14, 19, 206, 328
198, 347, 22, 0
2, 0, 218, 347
2, 0, 218, 347
0, 0, 220, 347
196, 347, 24, 0
174, 293, 46, 54
22, 54, 198, 293
196, 347, 24, 0
0, 0, 220, 347
0, 0, 220, 347
0, 0, 220, 347
196, 347, 24, 0
0, 92, 220, 255
196, 255, 24, 92
196, 255, 24, 92
196, 347, 24, 0
70, 99, 150, 248
196, 347, 24, 0
95, 157, 125, 190
196, 347, 24, 0
70, 92, 150, 255
70, 92, 150, 255
70, 92, 150, 255
126, 255, 94, 92
126, 255, 94, 92
196, 347, 24, 0
0, 0, 220, 347
196, 347, 24, 0
70, 92, 150, 255
126, 255, 94, 92
126, 255, 94, 92
196, 347, 24, 0
0, 295, 220, 52
196, 52, 24, 295
196, 347, 24, 0
196, 347, 24, 0
196, 347, 24, 0
0, 295, 220, 52
196, 347, 24, 0
205, 347, 15, 0
205, 347, 15, 0
205, 347, 15, 0
205, 347, 15, 0
205, 347, 15, 0
205, 347, 15, 0
205, 347, 15, 0
205, 347, 15, 0
205, 347, 15, 0
205, 347, 15, 0
205, 347, 15, 0
205, 347, 15, 0
205, 347, 15, 0
205, 347, 15, 0
205, 347, 15, 0
205, 347, 15, 0
205, 347, 15, 0
205, 347, 15, 0
205, 347, 15, 0
205, 347, 15, 0
205, 347, 15, 0
205, 347, 15, 0
205, 347, 15, 0
205, 347, 15, 0
205, 347, 15, 0
205, 347, 15, 0
205, 347, 15, 0
205, 347, 15, 0
205, 347, 15, 0
205, 347, 15, 0
205, 347, 15, 0
205, 347, 15, 0
205, 347, 15, 0
205, 347, 15, 0
205, 347, 15, 0
205, 347, 15, 0
205, 347, 15, 0
205, 347, 15, 0
205, 347, 15, 0
205, 347, 15, 0
205, 347, 15, 0
205, 347, 15, 0
205, 347, 15, 0
205, 347, 15, 0
2, 0, 218, 347
2, 0, 218, 347
2, 0, 218, 347
2, 0, 218, 347
2, 0, 218, 347
2, 0, 218, 347
2, 0, 218, 347
2, 0, 218, 347
2, 0, 218, 347
2, 0, 218, 347
2, 0, 218, 347
2, 0, 218, 347
2, 0, 218, 347
2, 0, 218, 347
2, 0, 218, 347
2, 0, 218, 347
2, 0, 218, 347
2, 0, 218, 347
2, 0, 218, 347
2, 0, 218, 347
2, 0, 218, 347
2, 0, 218, 347
2, 0, 218, 347
2, 0, 218, 347
2, 0, 218, 347
2, 0, 218, 347
2, 0, 218, 347
2, 0, 218, 347
2, 0, 218, 347
2, 0, 218, 347
2, 0, 218, 347
2, 0, 218, 347
2, 0, 218, 347
2, 0, 218, 347
162, 268, 58, 79
162, 268, 58, 79
162, 268, 58, 79
162, 268, 58, 79
162, 268, 58, 79
161, 266, 59, 81
2, 1, 218, 346
162, 268, 58, 79
162, 268, 58, 79
2, 0, 218, 347
2, 0, 218, 347
2, 0, 218, 347
162, 268, 58, 79
162, 268, 58, 79
204, 347, 16, 0
204, 347, 16, 0
2, 0, 218, 347
2, 0, 218, 347
2, 0, 218, 347
2, 0, 218, 347
2, 0, 218, 347
204, 347, 16, 0
204, 347, 16, 0
162, 268, 58, 79
204, 347, 16, 0
204, 347, 16, 0
204, 347, 16, 0
204, 347, 16, 0
204, 347, 16, 0
204, 347, 16, 0
0, 4, 220, 343
0, 4, 220, 343
0, 4, 220, 343
0, 4, 220, 343
0, 4, 220, 343
0, 4, 220, 343
0, 4, 220, 343
0, 4, 220, 343
0, 4, 220, 343
0, 4, 220, 343
0, 4, 220, 343
0, 4, 220, 343
0, 4, 220, 343
196, 347, 24, 0
196, 347, 24, 0
187, 327, 33, 20
187, 327, 33, 20
0, 4, 220, 343
0, 4, 220, 343
0, 4, 220, 343
0, 4, 220, 343
196, 347, 24, 0
14, 19, 206, 328
14, 19, 206, 328
14, 19, 206, 328
14, 19, 206, 328
14, 19, 206, 328
14, 19, 206, 328
14, 19, 206, 328
14, 19, 206, 328
14, 19, 206, 328
14, 19, 206, 328
14, 19, 206, 328
0, 4, 220, 343
0, 4, 220, 343
0, 4, 220, 343
0, 4, 220, 343
0, 4, 220, 343
0, 4, 220, 343
0, 4, 220, 343
0, 4, 220, 343
0, 4, 220, 343
0, 4, 220, 343
0, 4, 220, 343
0, 4, 220, 343
0, 4, 220, 343
0, 4, 220, 343
0, 4, 220, 343
0, 4, 220, 343
0, 4, 220, 343
0, 4, 220, 343
0, 4, 220, 343
0, 4, 220, 343
0, 4, 220, 343
0, 4, 220, 343
0, 4, 220, 343
0, 4, 220, 343
0, 4, 220, 343
0, 4, 220, 343
0, 4, 220, 343
0, 4, 220, 343
0, 4, 220, 343
0, 4, 220, 343
0, 4, 220, 343
0, 4, 220, 343
196, 347, 24, 0
196, 347, 24, 0
196, 347, 24, 0
196, 347, 24, 0
196, 347, 24, 0
196, 347, 24, 0
196, 347, 24, 0
196, 347, 24, 0
196, 347, 24, 0
196, 347, 24, 0
196, 347, 24, 0
196, 347, 24, 0
196, 347, 24, 0
196, 347, 24, 0
196, 347, 24, 0
196, 347, 24, 0
196, 347, 24, 0
196, 347, 24, 0
196, 347, 24, 0
196, 347, 24, 0
196, 347, 24, 0
196, 347, 24, 0
196, 347, 24, 0
196, 347, 24, 0
196, 347, 24, 0
196, 347, 24, 0
0, 0, 220, 347
196, 347, 24, 0
196, 347, 24, 0
196, 347, 24, 0
196, 347, 24, 0
0, 1, 220, 346
0, 1, 220, 346
0, 1, 220, 346
0, 1, 220, 346
0, 1, 220, 346
0, 1, 220, 346
0, 1, 220, 346
0, 1, 220, 346
0, 1, 220, 346
0, 1, 220, 346
0, 1, 220, 346
0, 0, 220, 347
0, 1, 220, 346
196, 347, 24, 0
196, 347, 24, 0
196, 347, 24, 0
196, 347, 24, 0
196, 347, 24, 0
196, 347, 24, 0
196, 347, 24, 0
196, 347, 24, 0
196, 347, 24, 0
196, 347, 24, 0
0, 14, 220, 333
0, 14, 220, 333
196, 347, 24, 0
196, 347, 24, 0
196, 2, 24, 345
196, 2, 24, 345
0, 0, 220, 347
0, 0, 220, 347
0, 0, 220, 347
0, 0, 220, 347
0, 0, 220, 347
196, 2, 24, 345
196, 0, 24, 347
196, 347, 24, 0
0, 92, 220, 255
0, 92, 220, 255
0, 92, 220, 255
0, 92, 220, 255
196, 255, 24, 92
22, 1, 198, 346
22, 0, 198, 347
0, 1, 220, 346
22, 1, 198, 346
22, 1, 198, 346
22, 1, 198, 346
22, 1, 198, 346
22, 1, 198, 346
196, 347, 24, 0
196, 347, 24, 0
196, 347, 24, 0
196, 347, 24, 0
196, 347, 24, 0
196, 347, 24, 0
196, 347, 24, 0
196, 347, 24, 0
196, 347, 24, 0
196, 347, 24, 0
196, 347, 24, 0
196, 347, 24, 0
0, 0, 220, 347
196, 347, 24, 0
196, 255, 24, 92
0, 0, 220, 347
196, 255, 24, 92
196, 255, 24, 92
196, 255, 24, 92
196, 347, 24, 0
196, 347, 24, 0
196, 347, 24, 0
196, 347, 24, 0
196, 347, 24, 0
196, 347, 24, 0
196, 347, 24, 0
196, 347, 24, 0
196, 347, 24, 0
0, 14, 220, 333
196, 347, 24, 0
196, 347, 24, 0
196, 347, 24, 0
196, 347, 24, 0
196, 347, 24, 0
196, 347, 24, 0
196, 347, 24, 0
196, 347, 24, 0
196, 347, 24, 0
196, 347, 24, 0
196, 347, 24, 0
196, 347, 24, 0
14, 19, 206, 328
196, 347, 24, 0
196, 347, 24, 0
0, 14, 220, 333
196, 347, 24, 0
196, 347, 24, 0
196, 347, 24, 0
196, 287, 24, 60
196, 287, 24, 60
196, 287, 24, 60
0, 13, 220, 334
196, 287, 24, 60
196, 287, 24, 60
196, 287, 24, 60
196, 287, 24, 60
196, 347, 24, 0
196, 347, 24, 0
196, 347, 24, 0
196, 347, 24, 0
0, 0, 220, 347
0, 0, 220, 347
196, 347, 24, 0
196, 347, 24, 0
196, 347, 24, 0
196, 0, 24, 347
196, 0, 24, 347
196, 347, 24, 0
22, 1, 198, 346
22, 1, 198, 346
22, 1, 198, 346
22, 1, 198, 346
22, 1, 198, 346
22, 1, 198, 346
22, 1, 198, 346
174, 346, 46, 1
0, 92, 220, 255
174, 254, 46, 93
174, 254, 46, 93
174, 254, 46, 93
174, 254, 46, 93
174, 254, 46, 93
174, 254, 46, 93
174, 254, 46, 93
174, 254, 46, 93
174, 254, 46, 93
196, 347, 24, 0
22, 1, 198, 346
174, 346, 46, 1
174, 254, 46, 93
174, 254, 46, 93
174, 254, 46, 93
174, 254, 46, 93
174, 254, 46, 93
196, 347, 24, 0
196, 347, 24, 0
196, 347, 24, 0
196, 347, 24, 0
196, 347, 24, 0
196, 347, 24, 0
196, 347, 24, 0
196, 347, 24, 0
196, 347, 24, 0
196, 347, 24, 0
196, 347, 24, 0
196, 347, 24, 0
196, 347, 24, 0
196, 347, 24, 0
1, 1, 219, 346
196, 347, 24, 0
196, 347, 24, 0
196, 347, 24, 0
196, 347, 24, 0
1, 1, 219, 346
40, 74, 180, 273
196, 347, 24, 0
0, 1, 220, 346
196, 347, 24, 0
196, 347, 24, 0
196, 347, 24, 0
196, 347, 24, 0
196, 347, 24, 0
196, 347, 24, 0
196, 347, 24, 0
196, 347, 24, 0
196, 347, 24, 0
196, 347, 24, 0
70, 99, 150, 248
126, 248, 94, 99
196, 347, 24, 0
196, 347, 24, 0
70, 99, 150, 248
70, 99, 150, 248
70, 99, 150, 248
70, 99, 150, 248
70, 99, 150, 248
70, 99, 150, 248
70, 99, 150, 248
126, 248, 94, 99
126, 248, 94, 99
126, 248, 94, 99
126, 248, 94, 99
126, 248, 94, 99
126, 248, 94, 99
126, 248, 94, 99
196, 347, 24, 0
196, 347, 24, 0
196, 347, 24, 0
196, 347, 24, 0
196, 347, 24, 0
196, 347, 24, 0
196, 347, 24, 0
196, 347, 24, 0
196, 347, 24, 0
196, 347, 24, 0
196, 347, 24, 0
196, 347, 24, 0
196, 347, 24, 0
196, 347, 24, 0
75, 134, 145, 213
75, 134, 145, 213
0, 0, 220, 347
75, 134, 145, 213
75, 134, 145, 213
75, 134, 145, 213
75, 134, 145, 213
196, 347, 24, 0
153, 264, 67, 83
153, 264, 67, 83
153, 264, 67, 83
1, 0, 219, 347
153, 264, 67, 83
153, 263, 67, 84
153, 264, 67, 83
153, 264, 67, 83
153, 264, 67, 83
196, 347, 24, 0
0, 0, 220, 347
196, 347, 24, 0
194, 339, 26, 8
194, 339, 26, 8
196, 347, 24, 0
196, 347, 24, 0
196, 347, 24, 0
196, 347, 24, 0
196, 347, 24, 0
196, 347, 24, 0
196, 347, 24, 0
196, 347, 24, 0
196, 347, 24, 0
196, 347, 24, 0
196, 347, 24, 0
196, 347, 24, 0
196, 347, 24, 0
0, 0, 220, 347
196, 347, 24, 0
194, 339, 26, 8
194, 339, 26, 8
194, 339, 26, 8
196, 347, 24, 0
196, 347, 24, 0
196, 347, 24, 0
196, 347, 24, 0
196, 347, 24, 0
196, 347, 24, 0
196, 347, 24, 0
75, 134, 145, 213
75, 134, 145, 213
0, 0, 220, 347
75, 134, 145, 213
75, 134, 145, 213
196, 347, 24, 0
196, 347, 24, 0
153, 264, 67, 83
153, 264, 67, 83
153, 264, 67, 83
1, 0, 219, 347
153, 264, 67, 83
196, 347, 24, 0
0, 295, 220, 52
0, 295, 220, 52
0, 295, 220, 52
0, 295, 220, 52
0, 295, 220, 52
0, 228, 220, 119
0, 228, 220, 119
0, 228, 220, 119
0, 228, 220, 119
0, 228, 220, 119
0, 295, 220, 52
0, 295, 220, 52
80, 295, 140, 52
80, 295, 140, 52
80, 295, 140, 52
80, 295, 140, 52
80, 295, 140, 52
80, 295, 140, 52
80, 295, 140, 52
80, 295, 140, 52
202, 347, 18, 0
202, 347, 18, 0
202, 347, 18, 0
176, 300, 44, 47
176, 300, 44, 47
1, 2, 219, 345
176, 300, 44, 47
176, 300, 44, 47
176, 300, 44, 47
176, 300, 44, 47
175, 297, 45, 50
175, 296, 45, 51
1, 3, 219, 344
175, 296, 45, 51
175, 296, 45, 51
118, 216, 102, 131
175, 296, 45, 51
175, 296, 45, 51
175, 296, 45, 51
175, 296, 45, 51
175, 296, 45, 51
175, 296, 45, 51
175, 291, 45, 56
175, 291, 45, 56
159, 291, 61, 56
175, 291, 45, 56
175, 297, 45, 50
176, 300, 44, 47
175, 292, 45, 55
175, 292, 45, 55
176, 300, 44, 47
176, 300, 44, 47
175, 296, 45, 51
202, 347, 18, 0
200, 339, 20, 8
200, 339, 20, 8
199, 338, 21, 9
200, 339, 20, 8
200, 339, 20, 8
200, 339, 20, 8
200, 339, 20, 8
200, 339, 20, 8
196, 347, 24, 0
196, 347, 24, 0
196, 347, 24, 0
196, 347, 24, 0
196, 347, 24, 0
196, 347, 24, 0
0, 0, 220, 347
0, 0, 220, 347
196, 347, 24, 0
196, 347, 24, 0
196, 347, 24, 0
71, 100, 149, 247
125, 247, 95, 100
0, 92, 220, 255
125, 155, 95, 192
125, 247, 95, 100
125, 247, 95, 100
125, 247, 95, 100
125, 247, 95, 100
125, 247, 95, 100
125, 247, 95, 100
196, 347, 24, 0
196, 347, 24, 0
71, 100, 149, 247
125, 247, 95, 100
125, 247, 95, 100
125, 247, 95, 100
125, 247, 95, 100
125, 247, 95, 100
21, 92, 199, 255
104, 155, 116, 192
125, 247, 95, 100
125, 247, 95, 100
125, 247, 95, 100
125, 247, 95, 100
0, 92, 220, 255
0, 92, 220, 255
0, 92, 220, 255
0, 92, 220, 255
0, 92, 220, 255
0, 0, 220, 347
0, 92, 220, 255
0, 0, 220, 347
0, 92, 220, 255
0, 92, 220, 255
0, 92, 220, 255
0, 92, 220, 255
0, 92, 220, 255
0, 92, 220, 255
0, 92, 220, 255
0, 92, 220, 255
0, 92, 220, 255
0, 92, 220, 255
0, 92, 220, 255
0, 92, 220, 255
0, 92, 220, 255
0, 92, 220, 255
0, 92, 220, 255
0, 92, 220, 255
0, 92, 220, 255
0, 92, 220, 255
0, 92, 220, 255
0, 92, 220, 255
0, 92, 220, 255
0, 92, 220, 255
0, 92, 220, 255
0, 92, 220, 255
0, 92, 220, 255
0, 92, 220, 255
0, 92, 220, 255
0, 92, 220, 255
0, 92, 220, 255
0, 40, 220, 307
0, 92, 220, 255
0, 295, 220, 52
0, 295, 220, 52
0, 295, 220, 52
0, 295, 220, 52
0, 3, 220, 344
0, 295, 220, 52
0, 295, 220, 52
0, 295, 220, 52
0, 295, 220, 52
0, 14, 220, 333
0, 14, 220, 333
0, 14, 220, 333
0, 14, 220, 333
0, 14, 220, 333
0, 14, 220, 333
0, 14, 220, 333
0, 295, 220, 52
196, 347, 24, 0
196, 347, 24, 0
0, 92, 220, 255
196, 255, 24, 92
22, 1, 198, 346
174, 254, 46, 93
70, 99, 150, 248
70, 99, 150, 248
70, 99, 150, 248
70, 99, 150, 248
70, 99, 150, 248
70, 99, 150, 248
70, 99, 150, 248
70, 99, 150, 248
70, 99, 150, 248
70, 99, 150, 248
70, 99, 150, 248
14, 19, 206, 328
14, 19, 206, 328
14, 19, 206, 328
14, 19, 206, 328
14, 19, 206, 328
14, 19, 206, 328
14, 19, 206, 328
14, 19, 206, 328
14, 19, 206, 328
14, 19, 206, 328
14, 19, 206, 328
14, 19, 206, 328
14, 19, 206, 328
14, 19, 206, 328
14, 19, 206, 328
14, 19, 206, 328
14, 19, 206, 328
14, 19, 206, 328
14, 19, 206, 328
14, 19, 206, 328
14, 17, 206, 330
14, 17, 206, 330
14, 17, 206, 330
14, 19, 206, 328
14, 19, 206, 328
14, 19, 206, 328
14, 19, 206, 328
14, 19, 206, 328
14, 19, 206, 328
14, 19, 206, 328
14, 19, 206, 328
14, 19, 206, 328
14, 19, 206, 328
14, 19, 206, 328
14, 19, 206, 328
14, 19, 206, 328
56, 80, 164, 267
56, 80, 164, 267
56, 80, 164, 267
56, 80, 164, 267
56, 80, 164, 267
56, 80, 164, 267
70, 99, 150, 248
70, 99, 150, 248
70, 99, 150, 248
70, 99, 150, 248
70, 99, 150, 248
70, 99, 150, 248
70, 99, 150, 248
104, 155, 116, 192
196, 347, 24, 0
22, 1, 198, 346
22, 1, 198, 346
22, 1, 198, 346
22, 1, 198, 346
22, 1, 198, 346
22, 1, 198, 346
22, 1, 198, 346
22, 1, 198, 346
0, 1, 220, 346
22, 1, 198, 346
22, 1, 198, 346
0, 1, 220, 346
22, 1, 198, 346
174, 254, 46, 93
174, 254, 46, 93
174, 254, 46, 93
174, 254, 46, 93
174, 254, 46, 93
174, 254, 46, 93
174, 254, 46, 93
174, 254, 46, 93
80, 134, 140, 213
80, 134, 140, 213
80, 134, 140, 213
80, 134, 140, 213
80, 134, 140, 213
174, 254, 46, 93
174, 254, 46, 93
174, 254, 46, 93
174, 254, 46, 93
196, 347, 24, 0
196, 347, 24, 0
196, 347, 24, 0
196, 347, 24, 0
22, 1, 198, 346
22, 1, 198, 346
22, 1, 198, 346
21, 0, 199, 347
21, 0, 199, 347
21, 0, 199, 347
22, 1, 198, 346
22, 1, 198, 346
21, 0, 199, 347
22, 1, 198, 346
22, 1, 198, 346
22, 1, 198, 346
174, 346, 46, 1
0, 92, 220, 255
0, 92, 220, 255
0, 92, 220, 255
0, 92, 220, 255
0, 92, 220, 255
0, 92, 220, 255
0, 92, 220, 255
0, 92, 220, 255
0, 92, 220, 255
0, 92, 220, 255
0, 92, 220, 255
0, 92, 220, 255
0, 92, 220, 255
0, 92, 220, 255
0, 92, 220, 255
0, 92, 220, 255
0, 92, 220, 255
174, 254, 46, 93
174, 254, 46, 93
174, 254, 46, 93
174, 254, 46, 93
174, 254, 46, 93
174, 254, 46, 93
174, 254, 46, 93
174, 254, 46, 93
174, 254, 46, 93
174, 252, 46, 95
0, 2, 220, 345
174, 254, 46, 93
0, 1, 220, 346
0, 1, 220, 346
196, 347, 24, 0
196, 347, 24, 0
196, 347, 24, 0
0, 347, 220, 0
0, 295, 220, 52
0, 52, 220, 295
196, 254, 24, 93
196, 347, 24, 0
196, 0, 24, 347
174, 0, 46, 347
196, 0, 24, 347
196, 0, 24, 347
196, 0, 24, 347
196, 347, 24, 0
22, 1, 198, 346
174, 346, 46, 1
0, 92, 220, 255
174, 254, 46, 93
196, 347, 24, 0
196, 0, 24, 347
196, 0, 24, 347
196, 0, 24, 347
196, 0, 24, 347
196, 0, 24, 347
196, 0, 24, 347
196, 347, 24, 0
22, 93, 198, 254
196, 347, 24, 0
70, 99, 150, 248
196, 347, 24, 0
196, 347, 24, 0
196, 347, 24, 0
196, 347, 24, 0
125, 247, 95, 100
196, 347, 24, 0
196, 347, 24, 0
196, 0, 24, 347
196, 0, 24, 347
0, 347, 220, 0
0, 1, 220, 346
0, 1, 220, 346
0, 1, 220, 346
0, 346, 220, 1
0, 92, 220, 255
0, 92, 220, 255
0, 92, 220, 255
0, 92, 220, 255
0, 92, 220, 255
0, 92, 220, 255
0, 254, 220, 93
0, 254, 220, 93
0, 254, 220, 93
0, 99, 220, 248
0, 254, 220, 93
0, 254, 220, 93
196, 347, 24, 0
21, 92, 199, 255
21, 92, 199, 255
21, 92, 199, 255
21, 92, 199, 255
21, 92, 199, 255
21, 92, 199, 255
21, 92, 199, 255
196, 347, 24, 0
196, 347, 24, 0
196, 347, 24, 0
0, 92, 220, 255
196, 255, 24, 92
196, 255, 24, 92
37, 44, 183, 303
37, 44, 183, 303
37, 44, 183, 303
37, 44, 183, 303
196, 255, 24, 92
70, 99, 150, 248
70, 99, 150, 248
196, 347, 24, 0
174, 254, 46, 93
174, 254, 46, 93
174, 254, 46, 93
174, 254, 46, 93
174, 254, 46, 93
174, 254, 46, 93
70, 99, 150, 248
70, 99, 150, 248
70, 99, 150, 248
70, 99, 150, 248
70, 99, 150, 248
70, 99, 150, 248
70, 99, 150, 248
70, 99, 150, 248
70, 99, 150, 248
70, 99, 150, 248
70, 99, 150, 248
70, 99, 150, 248
0, 7, 220, 340
70, 99, 150, 248
70, 99, 150, 248
70, 99, 150, 248
70, 99, 150, 248
14, 19, 206, 328
70, 99, 150, 248
70, 99, 150, 248
0, 7, 220, 340
0, 7, 220, 340
0, 7, 220, 340
0, 7, 220, 340
70, 99, 150, 248
70, 99, 150, 248
104, 155, 116, 192
104, 155, 116, 192
104, 155, 116, 192
104, 155, 116, 192
174, 254, 46, 93
174, 254, 46, 93
70, 99, 150, 248
174, 254, 46, 93
174, 254, 46, 93
174, 254, 46, 93
174, 254, 46, 93
0, 6, 220, 341
174, 254, 46, 93
174, 254, 46, 93
70, 99, 150, 248
174, 254, 46, 93
174, 254, 46, 93
0, 254, 220, 93
174, 254, 46, 93
80, 134, 140, 213
0, 13, 220, 334
80, 134, 140, 213
80, 134, 140, 213
80, 134, 140, 213
0, 13, 220, 334
80, 134, 140, 213
80, 134, 140, 213
174, 254, 46, 93
174, 254, 46, 93
174, 254, 46, 93
174, 254, 46, 93
174, 254, 46, 93
174, 254, 46, 93
174, 254, 46, 93
174, 254, 46, 93
174, 254, 46, 93
173, 167, 47, 180
173, 167, 47, 180
174, 254, 46, 93
174, 254, 46, 93
174, 254, 46, 93
173, 167, 47, 180
173, 167, 47, 180
174, 254, 46, 93
174, 254, 46, 93
174, 254, 46, 93
174, 254, 46, 93
174, 254, 46, 93
174, 254, 46, 93
174, 254, 46, 93
174, 254, 46, 93
174, 254, 46, 93
174, 254, 46, 93
174, 254, 46, 93
174, 254, 46, 93
174, 254, 46, 93
174, 254, 46, 93
172, 55, 48, 292
174, 254, 46, 93
174, 254, 46, 93
174, 254, 46, 93
196, 347, 24, 0
196, 347, 24, 0
196, 347, 24, 0
196, 347, 24, 0
196, 347, 24, 0
196, 347, 24, 0
196, 347, 24, 0
196, 347, 24, 0
196, 347, 24, 0
196, 347, 24, 0
196, 347, 24, 0
196, 347, 24, 0
196, 347, 24, 0
196, 347, 24, 0
71, 96, 149, 251
71, 96, 149, 251
125, 251, 95, 96
196, 347, 24, 0
196, 347, 24, 0
70, 92, 150, 255
70, 92, 150, 255
70, 92, 150, 255
70, 92, 150, 255
70, 92, 150, 255
196, 347, 24, 0
196, 347, 24, 0
196, 347, 24, 0
196, 347, 24, 0
0, 92, 220, 255
0, 92, 220, 255
0, 92, 220, 255
0, 92, 220, 255
0, 92, 220, 255
0, 92, 220, 255
0, 92, 220, 255
0, 40, 220, 307
0, 52, 220, 295
0, 92, 220, 255
0, 92, 220, 255
0, 92, 220, 255
196, 347, 24, 0
0, 92, 220, 255
196, 255, 24, 92
22, 1, 198, 346
174, 254, 46, 93
196, 347, 24, 0
125, 247, 95, 100
125, 247, 95, 100
125, 247, 95, 100
196, 347, 24, 0
196, 0, 24, 347
196, 0, 24, 347
196, 0, 24, 347
0, 0, 220, 347
196, 0, 24, 347
196, 0, 24, 347
196, 347, 24, 0
95, 157, 125, 190
95, 157, 125, 190
95, 157, 125, 190
95, 157, 125, 190
95, 156, 125, 191
95, 157, 125, 190
196, 347, 24, 0
70, 99, 150, 248
70, 99, 150, 248
70, 99, 150, 248
70, 99, 150, 248
70, 99, 150, 248
14, 19, 206, 328
14, 19, 206, 328
14, 19, 206, 328
14, 19, 206, 328
14, 19, 206, 328
14, 19, 206, 328
70, 99, 150, 248
70, 99, 150, 248
70, 99, 150, 248
70, 99, 150, 248
70, 99, 150, 248
14, 19, 206, 328
14, 19, 206, 328
14, 19, 206, 328
70, 99, 150, 248
70, 99, 150, 248
70, 99, 150, 248
126, 248, 94, 99
126, 248, 94, 99
126, 248, 94, 99
126, 248, 94, 99
196, 347, 24, 0
71, 96, 149, 251
71, 96, 149, 251
71, 96, 149, 251
71, 96, 149, 251
71, 96, 149, 251
125, 251, 95, 96
125, 251, 95, 96
196, 347, 24, 0
196, 347, 24, 0
70, 92, 150, 255
70, 92, 150, 255
70, 92, 150, 255
70, 92, 150, 255
70, 92, 150, 255
126, 255, 94, 92
196, 347, 24, 0
196, 347, 24, 0
196, 347, 24, 0
196, 347, 24, 0
80, 160, 140, 187
80, 160, 140, 187
116, 187, 104, 160
116, 187, 104, 160
116, 187, 104, 160
116, 187, 104, 160
116, 187, 104, 160
116, 187, 104, 160
116, 187, 104, 160
116, 187, 104, 160
116, 187, 104, 160
196, 347, 24, 0
196, 347, 24, 0
196, 347, 24, 0
196, 347, 24, 0
196, 347, 24, 0
71, 96, 149, 251
71, 96, 149, 251
71, 96, 149, 251
71, 96, 149, 251
71, 96, 149, 251
71, 96, 149, 251
71, 96, 149, 251
71, 96, 149, 251
196, 347, 24, 0
196, 347, 24, 0
196, 347, 24, 0
196, 347, 24, 0
196, 347, 24, 0
196, 347, 24, 0
196, 347, 24, 0
196, 347, 24, 0
196, 347, 24, 0
70, 92, 150, 255
70, 92, 150, 255
70, 92, 150, 255
70, 92, 150, 255
70, 92, 150, 255
70, 92, 150, 255
70, 92, 150, 255
70, 92, 150, 255
70, 92, 150, 255
70, 92, 150, 255
70, 92, 150, 255
70, 92, 150, 255
70, 92, 150, 255
196, 347, 24, 0
196, 347, 24, 0
95, 157, 125, 190
95, 157, 125, 190
95, 157, 125, 190
95, 157, 125, 190
95, 157, 125, 190
95, 157, 125, 190
95, 157, 125, 190
95, 157, 125, 190
95, 157, 125, 190
95, 157, 125, 190
95, 157, 125, 190
95, 157, 125, 190
95, 157, 125, 190
95, 157, 125, 190
95, 157, 125, 190
95, 157, 125, 190
95, 157, 125, 190
95, 157, 125, 190
95, 157, 125, 190
95, 157, 125, 190
95, 157, 125, 190
95, 157, 125, 190
95, 157, 125, 190
95, 157, 125, 190
95, 157, 125, 190
95, 157, 125, 190
95, 157, 125, 190
95, 157, 125, 190
95, 157, 125, 190
95, 157, 125, 190
95, 157, 125, 190
196, 347, 24, 0
196, 347, 24, 0
196, 347, 24, 0
196, 347, 24, 0
196, 347, 24, 0
196, 347, 24, 0
196, 341, 24, 6
196, 341, 24, 6
196, 341, 24, 6
196, 347, 24, 0
196, 341, 24, 6
196, 341, 24, 6
196, 341, 24, 6
196, 347, 24, 0
196, 347, 24, 0
196, 347, 24, 0
22, 93, 198, 254
174, 254, 46, 93
0, 1, 220, 346
0, 1, 220, 346
174, 253, 46, 94
196, 347, 24, 0
196, 347, 24, 0
196, 347, 24, 0
37, 62, 183, 285
196, 347, 24, 0
196, 347, 24, 0
196, 347, 24, 0
196, 347, 24, 0
196, 347, 24, 0
196, 347, 24, 0
196, 347, 24, 0
196, 347, 24, 0
196, 347, 24, 0
70, 92, 150, 255
70, 92, 150, 255
70, 92, 150, 255
70, 92, 150, 255
196, 347, 24, 0
196, 347, 24, 0
196, 347, 24, 0
39, 73, 181, 274
196, 347, 24, 0
205, 347, 15, 0
205, 347, 15, 0
205, 347, 15, 0
2, 3, 218, 344
2, 3, 218, 344
205, 347, 15, 0
205, 347, 15, 0
205, 347, 15, 0
220, 347, 0, 0
220, 347, 0, 0
0, 0, 220, 347
220, 347, 0, 0
220, 347, 0, 0
0, 0, 220, 347
220, 347, 0, 0
1, 4, 219, 343
1, 4, 219, 343
1, 4, 219, 343
0, 0, 220, 347
1, 4, 219, 343
1, 4, 219, 343
2, 5, 218, 342
2, 5, 218, 342
2, 5, 218, 342
0, 0, 220, 347
2, 5, 218, 342
2, 5, 218, 342
196, 347, 24, 0
196, 347, 24, 0
196, 347, 24, 0
196, 347, 24, 0
196, 347, 24, 0
196, 347, 24, 0
196, 347, 24, 0
196, 347, 24, 0
205, 343, 15, 4
205, 343, 15, 4
0, 0, 220, 347
205, 343, 15, 4
1, 0, 219, 347
204, 343, 16, 4
0, 4, 220, 343
0, 4, 220, 343
205, 347, 15, 0
205, 347, 15, 0
205, 347, 15, 0
205, 347, 15, 0
0, 0, 220, 347
205, 347, 15, 0
205, 347, 15, 0
161, 266, 59, 81
161, 266, 59, 81
161, 266, 59, 81
161, 266, 59, 81
161, 266, 59, 81
120, 197, 100, 150
120, 197, 100, 150
120, 197, 100, 150
120, 197, 100, 150
120, 197, 100, 150
120, 197, 100, 150
120, 197, 100, 150
1, 3, 219, 344
120, 196, 100, 151
119, 195, 101, 152
0, 0, 220, 347
0, 0, 220, 347
120, 195, 100, 152
120, 195, 100, 152
120, 195, 100, 152
120, 197, 100, 150
196, 347, 24, 0
196, 347, 24, 0
196, 342, 24, 5
196, 347, 24, 0
196, 347, 24, 0
196, 347, 24, 0
196, 347, 24, 0
196, 342, 24, 5
196, 342, 24, 5
196, 342, 24, 5
196, 337, 24, 10
196, 337, 24, 10
196, 342, 24, 5
196, 342, 24, 5
15, 0, 205, 347
15, 0, 205, 347
15, 0, 205, 347
0, 0, 220, 347
0, 0, 220, 347
0, 0, 220, 347
0, 0, 220, 347
1, 0, 219, 347
1, 0, 219, 347
1, 0, 219, 347
0, 0, 220, 347
3, 0, 217, 347
3, 0, 217, 347
3, 0, 217, 347
0, 0, 220, 347
0, 1, 220, 346
0, 1, 220, 346
0, 1, 220, 346
0, 1, 220, 346
0, 1, 220, 346
0, 1, 220, 346
0, 1, 220, 346
0, 1, 220, 346
0, 1, 220, 346
205, 347, 15, 0
205, 347, 15, 0
205, 344, 15, 3
205, 344, 15, 3
196, 344, 24, 3
205, 344, 15, 3
205, 347, 15, 0
205, 347, 15, 0
205, 347, 15, 0
205, 347, 15, 0
205, 347, 15, 0
205, 347, 15, 0
205, 347, 15, 0
205, 347, 15, 0
205, 347, 15, 0
205, 347, 15, 0
205, 347, 15, 0
205, 347, 15, 0
22, 1, 198, 346
22, 1, 198, 346
22, 1, 198, 346
22, 1, 198, 346
22, 1, 198, 346
22, 1, 198, 346
22, 1, 198, 346
22, 1, 198, 346
22, 1, 198, 346
22, 1, 198, 346
196, 320, 24, 27
196, 320, 24, 27
191, 295, 29, 52
191, 295, 29, 52
196, 320, 24, 27
196, 320, 24, 27
196, 315, 24, 32
196, 320, 24, 27
196, 320, 24, 27
196, 320, 24, 27
36, 63, 184, 284
36, 63, 184, 284
36, 63, 184, 284
36, 63, 184, 284
85, 139, 135, 208
85, 139, 135, 208
0, 1, 220, 346
0, 1, 220, 346
83, 135, 137, 212
0, 1, 220, 346
45, 74, 175, 273
1, 3, 219, 344
0, 1, 220, 346
1, 4, 219, 343
1, 4, 219, 343
1, 4, 219, 343
1, 4, 219, 343
1, 4, 219, 343
1, 4, 219, 343
1, 4, 219, 343
1, 4, 219, 343
0, 1, 220, 346
0, 1, 220, 346
0, 1, 220, 346
0, 1, 220, 346
0, 1, 220, 346
0, 1, 220, 346
0, 1, 220, 346
0, 1, 220, 346
38, 62, 182, 285
1, 4, 219, 343
1, 4, 219, 343
1, 4, 219, 343
1, 15, 219, 332
1, 15, 219, 332
1, 15, 219, 332
0, 14, 220, 333
0, 14, 220, 333
0, 15, 220, 332
0, 14, 220, 333
0, 15, 220, 332
0, 14, 220, 333
0, 15, 220, 332
1, 15, 219, 332
1, 15, 219, 332
0, 14, 220, 333
0, 14, 220, 333
0, 14, 220, 333
0, 14, 220, 333
0, 14, 220, 333
20, 13, 200, 334
20, 13, 200, 334
0, 0, 220, 347
20, 13, 200, 334
20, 13, 200, 334
0, 0, 220, 347
20, 13, 200, 334
205, 347, 15, 0
205, 347, 15, 0
205, 347, 15, 0
205, 347, 15, 0
205, 347, 15, 0
205, 345, 15, 2
205, 345, 15, 2
205, 345, 15, 2
205, 345, 15, 2
205, 345, 15, 2
205, 345, 15, 2
205, 345, 15, 2
205, 345, 15, 2
0, 0, 220, 347
205, 347, 15, 0
205, 347, 15, 0
0, 2, 220, 345
205, 345, 15, 2
0, 92, 220, 255
0, 92, 220, 255
0, 92, 220, 255
0, 92, 220, 255
0, 92, 220, 255
0, 92, 220, 255
0, 84, 220, 263
0, 92, 220, 255
0, 92, 220, 255
0, 0, 220, 347
0, 0, 220, 347
0, 0, 220, 347
0, 0, 220, 347
0, 0, 220, 347
196, 347, 24, 0
196, 347, 24, 0
196, 347, 24, 0
196, 347, 24, 0
196, 347, 24, 0
196, 347, 24, 0
204, 347, 16, 0
204, 347, 16, 0
162, 268, 58, 79
204, 347, 16, 0
204, 347, 16, 0
204, 347, 16, 0
204, 347, 16, 0
36, 63, 184, 284
36, 63, 184, 284
36, 63, 184, 284
36, 62, 184, 285
36, 63, 184, 284
0, 14, 220, 333
0, 14, 220, 333
0, 14, 220, 333
0, 14, 220, 333
0, 14, 220, 333
0, 14, 220, 333
0, 14, 220, 333
0, 14, 220, 333
0, 14, 220, 333
0, 14, 220, 333
0, 14, 220, 333
0, 14, 220, 333
0, 14, 220, 333
0, 14, 220, 333
36, 63, 184, 284
36, 63, 184, 284
36, 63, 184, 284
36, 63, 184, 284
36, 63, 184, 284
36, 63, 184, 284
0, 0, 220, 347
0, 0, 220, 347
0, 0, 220, 347
36, 63, 184, 284
36, 63, 184, 284
0, 0, 220, 347
36, 63, 184, 284
36, 63, 184, 284
36, 63, 184, 284
36, 63, 184, 284
36, 63, 184, 284
36, 63, 184, 284
204, 347, 16, 0
204, 347, 16, 0
204, 347, 16, 0
204, 347, 16, 0
0, 5, 220, 342
204, 347, 16, 0
204, 347, 16, 0
204, 347, 16, 0
14, 19, 206, 328
14, 19, 206, 328
0, 1, 220, 346
14, 19, 206, 328
204, 347, 16, 0
204, 347, 16, 0
24, 46, 196, 301
24, 46, 196, 301
24, 46, 196, 301
24, 46, 196, 301
22, 44, 198, 303
22, 44, 198, 303
24, 46, 196, 301
24, 46, 196, 301
24, 46, 196, 301
204, 347, 16, 0
204, 347, 16, 0
204, 347, 16, 0
204, 347, 16, 0
204, 347, 16, 0
204, 347, 16, 0
0, 0, 220, 347
204, 347, 16, 0
0, 0, 220, 347
204, 347, 16, 0
204, 347, 16, 0
204, 347, 16, 0
204, 347, 16, 0
204, 347, 16, 0
36, 63, 184, 284
36, 63, 184, 284
0, 0, 220, 347
36, 63, 184, 284
36, 63, 184, 284
0, 0, 220, 347
0, 0, 220, 347
0, 0, 220, 347
0, 0, 220, 347
36, 63, 184, 284
0, 0, 220, 347
204, 347, 16, 0
204, 347, 16, 0
0, 0, 220, 347
204, 347, 16, 0
0, 0, 220, 347
204, 347, 16, 0
204, 347, 16, 0
204, 347, 16, 0
204, 347, 16, 0
152, 254, 68, 93
152, 254, 68, 93
152, 255, 68, 92
152, 255, 68, 92
152, 254, 68, 93
152, 254, 68, 93
152, 255, 68, 92
152, 255, 68, 92
152, 255, 68, 92
152, 255, 68, 92
117, 193, 103, 154
117, 193, 103, 154
0, 0, 220, 347
117, 193, 103, 154
0, 0, 220, 347
117, 193, 103, 154
117, 193, 103, 154
117, 193, 103, 154
117, 193, 103, 154
42, 69, 178, 278
42, 69, 178, 278
117, 193, 103, 154
38, 61, 182, 286
38, 61, 182, 286
79, 133, 141, 214
79, 133, 141, 214
79, 133, 141, 214
79, 133, 141, 214
117, 193, 103, 154
117, 193, 103, 154
161, 263, 59, 84
161, 263, 59, 84
0, 0, 220, 347
0, 0, 220, 347
161, 263, 59, 84
161, 263, 59, 84
161, 263, 59, 84
36, 63, 184, 284
36, 63, 184, 284
36, 63, 184, 284
36, 62, 184, 285
36, 62, 184, 285
36, 63, 184, 284
36, 63, 184, 284
36, 63, 184, 284
36, 63, 184, 284
36, 63, 184, 284
36, 63, 184, 284
205, 347, 15, 0
205, 347, 15, 0
0, 1, 220, 346
0, 0, 220, 347
0, 1, 220, 346
0, 1, 220, 346
0, 1, 220, 346
0, 1, 220, 346
0, 1, 220, 346
0, 1, 220, 346
0, 1, 220, 346
0, 1, 220, 346
0, 1, 220, 346
0, 1, 220, 346
205, 347, 15, 0
205, 347, 15, 0
205, 347, 15, 0
205, 347, 15, 0
205, 347, 15, 0
205, 347, 15, 0
205, 347, 15, 0
205, 347, 15, 0
205, 347, 15, 0
205, 347, 15, 0
205, 347, 15, 0
205, 347, 15, 0
203, 339, 17, 8
202, 339, 18, 8
6, 287, 214, 60
205, 347, 15, 0
204, 347, 16, 0
204, 347, 16, 0
204, 347, 16, 0
204, 347, 16, 0
0, 0, 220, 347
204, 347, 16, 0
204, 347, 16, 0
204, 347, 16, 0
205, 347, 15, 0
205, 347, 15, 0
2, 1, 218, 346
2, 1, 218, 346
2, 1, 218, 346
2, 1, 218, 346
2, 1, 218, 346
205, 347, 15, 0
0, 0, 220, 347
205, 347, 15, 0
205, 347, 15, 0
205, 347, 15, 0
205, 347, 15, 0
205, 347, 15, 0
205, 347, 15, 0
205, 347, 15, 0
4, 2, 216, 345
1, 0, 219, 347
3, 2, 217, 345
205, 347, 15, 0
205, 347, 15, 0
0, 0, 220, 347
205, 347, 15, 0
3, 2, 217, 345
3, 2, 217, 345
205, 347, 15, 0
205, 347, 15, 0
205, 347, 15, 0
205, 347, 15, 0
205, 347, 15, 0
205, 347, 15, 0
205, 347, 15, 0
161, 266, 59, 81
161, 266, 59, 81
161, 266, 59, 81
161, 266, 59, 81
161, 266, 59, 81
162, 269, 58, 78
162, 269, 58, 78
162, 269, 58, 78
48, 80, 172, 267
45, 79, 175, 268
3, 2, 217, 345
161, 266, 59, 81
205, 347, 15, 0
205, 347, 15, 0
205, 347, 15, 0
205, 347, 15, 0
205, 347, 15, 0
205, 347, 15, 0
205, 347, 15, 0
43, 74, 177, 273
43, 74, 177, 273
1, 0, 219, 347
43, 74, 177, 273
43, 74, 177, 273
43, 74, 177, 273
0, 0, 220, 347
0, 0, 220, 347
0, 0, 220, 347
0, 0, 220, 347
0, 0, 220, 347
0, 0, 220, 347
0, 0, 220, 347
0, 0, 220, 347
0, 0, 220, 347
0, 0, 220, 347
205, 347, 15, 0
205, 347, 15, 0
205, 347, 15, 0
0, 0, 220, 347
205, 347, 15, 0
205, 347, 15, 0
0, 0, 220, 347
205, 347, 15, 0
205, 347, 15, 0
205, 347, 15, 0
205, 347, 15, 0
205, 347, 15, 0
1, 5, 219, 342
1, 5, 219, 342
174, 254, 46, 93
174, 254, 46, 93
174, 254, 46, 93
174, 254, 46, 93
174, 254, 46, 93
174, 254, 46, 93
174, 254, 46, 93
174, 254, 46, 93
174, 167, 46, 180
174, 167, 46, 180
174, 166, 46, 181
174, 166, 46, 181
174, 166, 46, 181
0, 190, 220, 157
0, 190, 220, 157
0, 190, 220, 157
0, 190, 220, 157
174, 254, 46, 93
174, 254, 46, 93
67, 205, 153, 142
67, 205, 153, 142
0, 3, 220, 344
0, 3, 220, 344
0, 3, 220, 344
174, 254, 46, 93
174, 254, 46, 93
173, 167, 47, 180
1, 189, 219, 158
1, 189, 219, 158
174, 254, 46, 93
174, 254, 46, 93
0, 102, 220, 245
174, 254, 46, 93
174, 254, 46, 93
174, 254, 46, 93
174, 254, 46, 93
174, 254, 46, 93
174, 254, 46, 93
80, 134, 140, 213
94, 120, 126, 227
174, 254, 46, 93
0, 0, 220, 347
174, 254, 46, 93
173, 167, 47, 180
173, 167, 47, 180
173, 167, 47, 180
173, 167, 47, 180
80, 93, 140, 254
80, 93, 140, 254
80, 93, 140, 254
80, 93, 140, 254
93, 74, 127, 273
93, 74, 127, 273
93, 74, 127, 273
173, 167, 47, 180
174, 254, 46, 93
18, 11, 202, 336
18, 11, 202, 336
18, 11, 202, 336
18, 11, 202, 336
18, 11, 202, 336
18, 11, 202, 336
18, 11, 202, 336
18, 11, 202, 336
0, 92, 220, 255
0, 92, 220, 255
0, 92, 220, 255
0, 0, 220, 347
0, 92, 220, 255
0, 92, 220, 255
0, 92, 220, 255
0, 0, 220, 347
0, 92, 220, 255
0, 92, 220, 255
0, 92, 220, 255
0, 60, 220, 287
0, 92, 220, 255
0, 92, 220, 255
0, 10, 220, 337
0, 92, 220, 255
0, 92, 220, 255
0, 92, 220, 255
0, 92, 220, 255
0, 92, 220, 255
0, 92, 220, 255
0, 92, 220, 255
0, 92, 220, 255
0, 55, 220, 292
0, 92, 220, 255
0, 92, 220, 255
0, 55, 220, 292
0, 55, 220, 292
196, 347, 24, 0
196, 347, 24, 0
196, 347, 24, 0
196, 347, 24, 0
196, 347, 24, 0
196, 347, 24, 0
80, 134, 140, 213
80, 134, 140, 213
80, 131, 140, 216
80, 131, 140, 216
80, 134, 140, 213
196, 347, 24, 0
174, 254, 46, 93
174, 254, 46, 93
174, 254, 46, 93
174, 254, 46, 93
18, 0, 202, 347
174, 254, 46, 93
174, 254, 46, 93
174, 254, 46, 93
174, 254, 46, 93
174, 254, 46, 93
174, 254, 46, 93
174, 254, 46, 93
174, 254, 46, 93
174, 254, 46, 93
174, 254, 46, 93
174, 254, 46, 93
174, 254, 46, 93
174, 254, 46, 93
174, 254, 46, 93
174, 254, 46, 93
1, 203, 219, 144
174, 254, 46, 93
174, 254, 46, 93
174, 254, 46, 93
174, 254, 46, 93
174, 254, 46, 93
174, 254, 46, 93
169, 252, 51, 95
169, 252, 51, 95
174, 249, 46, 98
174, 249, 46, 98
174, 249, 46, 98
174, 249, 46, 98
140, 51, 80, 296
140, 51, 80, 296
140, 0, 80, 347
140, 51, 80, 296
0, 0, 220, 347
140, 51, 80, 296
140, 51, 80, 296
100, 51, 120, 296
100, 51, 120, 296
100, 51, 120, 296
100, 51, 120, 296
0, 1, 220, 346
100, 51, 120, 296
126, 249, 94, 98
174, 249, 46, 98
174, 249, 46, 98
174, 249, 46, 98
0, 1, 220, 346
174, 249, 46, 98
174, 249, 46, 98
174, 249, 46, 98
174, 249, 46, 98
174, 249, 46, 98
174, 249, 46, 98
174, 249, 46, 98
174, 249, 46, 98
2, 195, 218, 152
174, 249, 46, 98
174, 254, 46, 93
174, 254, 46, 93
168, 55, 52, 292
174, 254, 46, 93
152, 130, 68, 217
0, 0, 220, 347
174, 254, 46, 93
174, 254, 46, 93
174, 254, 46, 93
174, 254, 46, 93
174, 254, 46, 93
71, 248, 149, 99
71, 248, 149, 99
0, 0, 220, 347
174, 254, 46, 93
174, 254, 46, 93
174, 254, 46, 93
0, 0, 220, 347
0, 0, 220, 347
0, 0, 220, 347
174, 254, 46, 93
174, 254, 46, 93
174, 254, 46, 93
34, 201, 186, 146
174, 254, 46, 93
174, 254, 46, 93
174, 254, 46, 93
174, 254, 46, 93
174, 254, 46, 93
174, 254, 46, 93
174, 254, 46, 93
173, 167, 47, 180
173, 167, 47, 180
173, 167, 47, 180
173, 167, 47, 180
173, 167, 47, 180
0, 0, 220, 347
0, 0, 220, 347
0, 0, 220, 347
173, 167, 47, 180
173, 167, 47, 180
173, 152, 47, 195
173, 167, 47, 180
173, 167, 47, 180
173, 167, 47, 180
80, 93, 140, 254
173, 167, 47, 180
173, 167, 47, 180
173, 167, 47, 180
173, 167, 47, 180
174, 254, 46, 93
174, 254, 46, 93
0, 152, 220, 195
0, 58, 220, 289
0, 152, 220, 195
0, 152, 220, 195
0, 139, 220, 208
0, 152, 220, 195
0, 152, 220, 195
0, 152, 220, 195
0, 152, 220, 195
174, 254, 46, 93
0, 92, 220, 255
0, 92, 220, 255
0, 92, 220, 255
0, 92, 220, 255
0, 92, 220, 255
0, 92, 220, 255
0, 92, 220, 255
0, 92, 220, 255
0, 92, 220, 255
0, 92, 220, 255
0, 92, 220, 255
0, 92, 220, 255
0, 92, 220, 255
174, 254, 46, 93
174, 254, 46, 93
0, 0, 220, 347
174, 254, 46, 93
174, 254, 46, 93
174, 254, 46, 93
174, 254, 46, 93
174, 254, 46, 93
174, 254, 46, 93
174, 254, 46, 93
174, 254, 46, 93
174, 254, 46, 93
174, 254, 46, 93
174, 254, 46, 93
174, 254, 46, 93
174, 254, 46, 93
173, 205, 47, 142
173, 205, 47, 142
174, 254, 46, 93
205, 347, 15, 0
205, 347, 15, 0
0, 0, 220, 347
205, 347, 15, 0
205, 347, 15, 0
204, 347, 16, 0
204, 347, 16, 0
0, 0, 220, 347
0, 0, 220, 347
0, 0, 220, 347
204, 347, 16, 0
205, 347, 15, 0
4, 14, 216, 333
4, 14, 216, 333
4, 14, 216, 333
4, 14, 216, 333
3, 13, 217, 334
3, 13, 217, 334
3, 14, 217, 333
3, 14, 217, 333
3, 14, 217, 333
3, 14, 217, 333
0, 1, 220, 346
0, 1, 220, 346
0, 2, 220, 345
0, 2, 220, 345
0, 2, 220, 345
0, 2, 220, 345
4, 14, 216, 333
4, 14, 216, 333
4, 14, 216, 333
4, 14, 216, 333
0, 2, 220, 345
0, 2, 220, 345
4, 14, 216, 333
1, 7, 219, 340
1, 7, 219, 340
4, 14, 216, 333
4, 7, 216, 340
3, 14, 217, 333
4, 14, 216, 333
0, 2, 220, 345
0, 2, 220, 345
0, 6, 220, 341
0, 6, 220, 341
0, 2, 220, 345
0, 2, 220, 345
3, 14, 217, 333
3, 14, 217, 333
0, 0, 220, 347
205, 347, 15, 0
205, 347, 15, 0
205, 347, 15, 0
205, 347, 15, 0
205, 347, 15, 0
205, 347, 15, 0
205, 347, 15, 0
205, 347, 15, 0
205, 347, 15, 0
205, 347, 15, 0
205, 347, 15, 0
205, 347, 15, 0
205, 347, 15, 0
205, 347, 15, 0
205, 347, 15, 0
205, 347, 15, 0
0, 0, 220, 347
0, 0, 220, 347
0, 0, 220, 347
0, 0, 220, 347
0, 0, 220, 347
0, 0, 220, 347
0, 0, 220, 347
0, 0, 220, 347
0, 0, 220, 347
0, 0, 220, 347
0, 0, 220, 347
0, 0, 220, 347
0, 0, 220, 347
0, 0, 220, 347
0, 0, 220, 347
0, 0, 220, 347
0, 0, 220, 347
0, 0, 220, 347
0, 0, 220, 347
0, 0, 220, 347
205, 347, 15, 0
205, 347, 15, 0
205, 347, 15, 0
205, 347, 15, 0
205, 347, 15, 0
205, 347, 15, 0
205, 347, 15, 0
204, 347, 16, 0
204, 347, 16, 0
205, 347, 15, 0
205, 347, 15, 0
205, 347, 15, 0
205, 347, 15, 0
205, 347, 15, 0
205, 347, 15, 0
0, 0, 220, 347
205, 347, 15, 0
205, 347, 15, 0
205, 347, 15, 0
0, 0, 220, 347
205, 347, 15, 0
204, 347, 16, 0
205, 347, 15, 0
205, 347, 15, 0
205, 347, 15, 0
205, 347, 15, 0
205, 347, 15, 0
205, 347, 15, 0
205, 347, 15, 0
205, 347, 15, 0
205, 347, 15, 0
3, 0, 217, 347
205, 347, 15, 0
205, 347, 15, 0
205, 347, 15, 0
205, 347, 15, 0
205, 347, 15, 0
204, 347, 16, 0
204, 347, 16, 0
204, 347, 16, 0
204, 347, 16, 0
204, 347, 16, 0
204, 347, 16, 0
204, 347, 16, 0
204, 347, 16, 0
0, 3, 220, 344
204, 344, 16, 3
204, 347, 16, 0
204, 347, 16, 0
205, 347, 15, 0
205, 347, 15, 0
205, 347, 15, 0
0, 0, 220, 347
0, 0, 220, 347
205, 347, 15, 0
205, 347, 15, 0
205, 347, 15, 0
205, 347, 15, 0
0, 1, 220, 346
0, 1, 220, 346
1, 6, 219, 341
1, 6, 219, 341
0, 0, 220, 347
0, 0, 220, 347
1, 6, 219, 341
1, 6, 219, 341
0, 0, 220, 347
0, 0, 220, 347
205, 347, 15, 0
205, 347, 15, 0
205, 347, 15, 0
205, 347, 15, 0
205, 347, 15, 0
205, 347, 15, 0
0, 0, 220, 347
0, 0, 220, 347
0, 0, 220, 347
0, 0, 220, 347
0, 0, 220, 347
0, 0, 220, 347
0, 0, 220, 347
0, 0, 220, 347
0, 0, 220, 347
1, 2, 219, 345
1, 2, 219, 345
1, 2, 219, 345
1, 2, 219, 345
1, 2, 219, 345
37, 62, 183, 285
37, 62, 183, 285
37, 62, 183, 285
37, 62, 183, 285
37, 62, 183, 285
37, 62, 183, 285
37, 62, 183, 285
37, 62, 183, 285
0, 0, 220, 347
37, 62, 183, 285
203, 343, 17, 4
203, 343, 17, 4
203, 343, 17, 4
203, 343, 17, 4
203, 343, 17, 4
203, 343, 17, 4
0, 4, 220, 343
0, 4, 220, 343
0, 6, 220, 341
0, 6, 220, 341
0, 6, 220, 341
0, 6, 220, 341
0, 6, 220, 341
0, 0, 220, 347
0, 6, 220, 341
0, 6, 220, 341
3, 0, 217, 347
3, 0, 217, 347
1, 1, 219, 346
1, 1, 219, 346
1, 1, 219, 346
1, 1, 219, 346
1, 5, 219, 342
1, 5, 219, 342
0, 0, 220, 347
0, 0, 220, 347
1, 5, 219, 342
0, 0, 220, 347
1, 5, 219, 342
0, 0, 220, 347
1, 5, 219, 342
1, 5, 219, 342
36, 63, 184, 284
36, 61, 184, 286
36, 63, 184, 284
36, 63, 184, 284
36, 63, 184, 284
0, 2, 220, 345
0, 0, 220, 347
0, 2, 220, 345
0, 2, 220, 345
36, 63, 184, 284
14, 19, 206, 328
14, 19, 206, 328
22, 44, 198, 303
36, 63, 184, 284
36, 63, 184, 284
0, 0, 220, 347
0, 0, 220, 347
38, 63, 182, 284
38, 63, 182, 284
38, 63, 182, 284
38, 63, 182, 284
38, 63, 182, 284
38, 63, 182, 284
0, 0, 220, 347
0, 0, 220, 347
38, 63, 182, 284
0, 0, 220, 347
0, 0, 220, 347
38, 63, 182, 284
14, 17, 206, 330
14, 17, 206, 330
38, 63, 182, 284
38, 63, 182, 284
38, 63, 182, 284
38, 63, 182, 284
204, 343, 16, 4
204, 343, 16, 4
0, 0, 220, 347
0, 0, 220, 347
0, 0, 220, 347
204, 343, 16, 4
117, 193, 103, 154
117, 193, 103, 154
117, 193, 103, 154
204, 343, 16, 4
204, 343, 16, 4
37, 63, 183, 284
0, 0, 220, 347
37, 63, 183, 284
37, 63, 183, 284
1, 2, 219, 345
36, 61, 184, 286
37, 63, 183, 284
37, 63, 183, 284
37, 63, 183, 284
37, 63, 183, 284
195, 331, 25, 16
195, 331, 25, 16
204, 343, 16, 4
204, 343, 16, 4
152, 254, 68, 93
152, 254, 68, 93
152, 254, 68, 93
87, 140, 133, 207
87, 140, 133, 207
87, 140, 133, 207
0, 3, 220, 344
0, 3, 220, 344
0, 3, 220, 344
36, 63, 184, 284
36, 63, 184, 284
0, 0, 220, 347
0, 0, 220, 347
36, 63, 184, 284
0, 0, 220, 347
0, 0, 220, 347
0, 0, 220, 347
0, 0, 220, 347
36, 63, 184, 284
36, 63, 184, 284
36, 62, 184, 285
36, 62, 184, 285
0, 0, 220, 347
0, 0, 220, 347
36, 62, 184, 285
36, 62, 184, 285
36, 62, 184, 285
36, 62, 184, 285
0, 0, 220, 347
0, 0, 220, 347
36, 62, 184, 285
36, 62, 184, 285
79, 131, 141, 216
79, 131, 141, 216
79, 131, 141, 216
79, 131, 141, 216
79, 131, 141, 216
4, 111, 216, 236
79, 131, 141, 216
79, 131, 141, 216
79, 131, 141, 216
79, 131, 141, 216
161, 266, 59, 81
120, 197, 100, 150
161, 266, 59, 81
6, 226, 214, 121
161, 266, 59, 81
161, 266, 59, 81
161, 266, 59, 81
42, 73, 178, 274
42, 73, 178, 274
42, 73, 178, 274
117, 195, 103, 152
117, 195, 103, 152
68, 114, 152, 233
68, 114, 152, 233
200, 334, 20, 13
200, 334, 20, 13
0, 0, 220, 347
200, 334, 20, 13
199, 334, 21, 13
159, 264, 61, 83
159, 264, 61, 83
82, 132, 138, 215
82, 132, 138, 215
82, 132, 138, 215
86, 143, 134, 204
0, 3, 220, 344
0, 0, 220, 347
0, 3, 220, 344
0, 0, 220, 347
86, 143, 134, 204
2, 0, 218, 347
86, 143, 134, 204
86, 143, 134, 204
86, 143, 134, 204
86, 143, 134, 204
86, 143, 134, 204
86, 143, 134, 204
156, 256, 64, 91
0, 0, 220, 347
156, 256, 64, 91
156, 256, 64, 91
156, 256, 64, 91
156, 256, 64, 91
156, 256, 64, 91
161, 266, 59, 81
161, 266, 59, 81
161, 266, 59, 81
161, 266, 59, 81
117, 195, 103, 152
0, 0, 220, 347
117, 195, 103, 152
117, 195, 103, 152
117, 195, 103, 152
117, 195, 103, 152
205, 347, 15, 0
205, 347, 15, 0
205, 347, 15, 0
205, 347, 15, 0
205, 347, 15, 0
205, 347, 15, 0
199, 332, 21, 15
205, 347, 15, 0
205, 347, 15, 0
3, 0, 217, 347
3, 0, 217, 347
3, 0, 217, 347
3, 0, 217, 347
3, 0, 217, 347
3, 0, 217, 347
2, 0, 218, 347
0, 0, 220, 347
2, 0, 218, 347
3, 0, 217, 347
3, 0, 217, 347
3, 0, 217, 347
3, 0, 217, 347
3, 0, 217, 347
3, 0, 217, 347
3, 0, 217, 347
3, 0, 217, 347
3, 0, 217, 347
3, 0, 217, 347
0, 0, 220, 347
3, 0, 217, 347
3, 0, 217, 347
3, 0, 217, 347
3, 0, 217, 347
0, 0, 220, 347
0, 0, 220, 347
0, 0, 220, 347
0, 0, 220, 347
3, 0, 217, 347
0, 0, 220, 347
3, 0, 217, 347
0, 0, 220, 347
3, 0, 217, 347
3, 0, 217, 347
3, 0, 217, 347
204, 347, 16, 0
204, 347, 16, 0
0, 0, 220, 347
0, 0, 220, 347
204, 347, 16, 0
0, 0, 220, 347
0, 0, 220, 347
0, 0, 220, 347
0, 0, 220, 347
0, 0, 220, 347
0, 6, 220, 341
0, 6, 220, 341
0, 6, 220, 341
0, 1, 220, 346
0, 6, 220, 341
0, 6, 220, 341
0, 6, 220, 341
0, 6, 220, 341
0, 6, 220, 341
0, 6, 220, 341
0, 6, 220, 341
2, 0, 218, 347
2, 0, 218, 347
2, 0, 218, 347
2, 0, 218, 347
6, 0, 214, 347
6, 0, 214, 347
6, 0, 214, 347
6, 0, 214, 347
0, 0, 220, 347
0, 0, 220, 347
0, 0, 220, 347
0, 1, 220, 346
0, 1, 220, 346
0, 1, 220, 346
0, 1, 220, 346
6, 1, 214, 346
6, 1, 214, 346
6, 1, 214, 346
14, 26, 206, 321
14, 26, 206, 321
14, 25, 206, 322
14, 25, 206, 322
14, 26, 206, 321
20, 26, 200, 321
20, 26, 200, 321
20, 26, 200, 321
3, 0, 217, 347
3, 0, 217, 347
205, 347, 15, 0
205, 347, 15, 0
205, 347, 15, 0
205, 347, 15, 0
205, 347, 15, 0
205, 347, 15, 0
0, 0, 220, 347
205, 347, 15, 0
205, 347, 15, 0
205, 347, 15, 0
0, 0, 220, 347
205, 347, 15, 0
205, 347, 15, 0
205, 347, 15, 0
205, 347, 15, 0
205, 347, 15, 0
205, 347, 15, 0
205, 347, 15, 0
205, 347, 15, 0
205, 347, 15, 0
205, 347, 15, 0
205, 347, 15, 0
205, 347, 15, 0
205, 347, 15, 0
205, 347, 15, 0
205, 347, 15, 0
205, 347, 15, 0
205, 347, 15, 0
205, 347, 15, 0
205, 347, 15, 0
205, 347, 15, 0
205, 347, 15, 0
205, 347, 15, 0
205, 347, 15, 0
205, 347, 15, 0
205, 347, 15, 0
205, 347, 15, 0
205, 347, 15, 0
205, 347, 15, 0
205, 347, 15, 0
205, 347, 15, 0
4, 3, 216, 344
4, 3, 216, 344
42, 69, 178, 278
42, 69, 178, 278
0, 1, 220, 346
1, 6, 219, 341
42, 73, 178, 274
42, 73, 178, 274
42, 73, 178, 274
42, 73, 178, 274
42, 73, 178, 274
1, 6, 219, 341
205, 347, 15, 0
205, 347, 15, 0
205, 347, 15, 0
205, 347, 15, 0
205, 347, 15, 0
205, 347, 15, 0
0, 0, 220, 347
0, 0, 220, 347
0, 0, 220, 347
0, 0, 220, 347
0, 0, 220, 347
0, 0, 220, 347
0, 0, 220, 347
0, 0, 220, 347
0, 0, 220, 347
0, 0, 220, 347
0, 0, 220, 347
0, 0, 220, 347
0, 0, 220, 347
0, 0, 220, 347
0, 0, 220, 347
0, 0, 220, 347
0, 0, 220, 347
0, 0, 220, 347
0, 0, 220, 347
0, 0, 220, 347
43, 74, 177, 273
43, 74, 177, 273
43, 74, 177, 273
43, 74, 177, 273
1, 6, 219, 341
47, 78, 173, 269
47, 78, 173, 269
1, 6, 219, 341
0, 0, 220, 347
0, 0, 220, 347
42, 69, 178, 278
42, 69, 178, 278
42, 69, 178, 278
42, 69, 178, 278
0, 0, 220, 347
0, 0, 220, 347
0, 0, 220, 347
0, 0, 220, 347
42, 73, 178, 274
42, 73, 178, 274
0, 0, 220, 347
0, 0, 220, 347
0, 0, 220, 347
0, 0, 220, 347
46, 76, 174, 271
46, 76, 174, 271
46, 76, 174, 271
46, 76, 174, 271
46, 76, 174, 271
4, 3, 216, 344
46, 76, 174, 271
43, 74, 177, 273
43, 74, 177, 273
43, 74, 177, 273
43, 74, 177, 273
0, 0, 220, 347
43, 74, 177, 273
43, 74, 177, 273
43, 74, 177, 273
43, 74, 177, 273
43, 74, 177, 273
0, 0, 220, 347
43, 74, 177, 273
43, 74, 177, 273
43, 74, 177, 273
0, 0, 220, 347
0, 0, 220, 347
0, 0, 220, 347
0, 0, 220, 347
0, 0, 220, 347
0, 0, 220, 347
0, 0, 220, 347
0, 0, 220, 347
0, 0, 220, 347
0, 0, 220, 347
0, 0, 220, 347
0, 0, 220, 347
0, 0, 220, 347
0, 0, 220, 347
0, 0, 220, 347
0, 0, 220, 347
0, 0, 220, 347
0, 0, 220, 347
0, 0, 220, 347
0, 0, 220, 347
205, 346, 15, 1
205, 346, 15, 1
205, 346, 15, 1
205, 346, 15, 1
0, 0, 220, 347
205, 346, 15, 1
0, 0, 220, 347
0, 0, 220, 347
205, 347, 15, 0
205, 347, 15, 0
0, 1, 220, 346
0, 1, 220, 346
0, 1, 220, 346
50, 76, 170, 271
50, 76, 170, 271
0, 1, 220, 346
0, 1, 220, 346
0, 1, 220, 346
0, 1, 220, 346
0, 1, 220, 346
0, 1, 220, 346
0, 1, 220, 346
1, 5, 219, 342
37, 62, 183, 285
117, 195, 103, 152
36, 63, 184, 284
36, 63, 184, 284
36, 63, 184, 284
36, 63, 184, 284
0, 0, 220, 347
0, 0, 220, 347
38, 63, 182, 284
38, 63, 182, 284
38, 63, 182, 284
38, 63, 182, 284
0, 0, 220, 347
0, 0, 220, 347
0, 0, 220, 347
0, 5, 220, 342
204, 343, 16, 4
204, 343, 16, 4
204, 343, 16, 4
204, 343, 16, 4
1, 10, 219, 337
1, 10, 219, 337
1, 10, 219, 337
1, 10, 219, 337
1, 10, 219, 337
0, 6, 220, 341
45, 73, 175, 274
45, 73, 175, 274
45, 73, 175, 274
161, 266, 59, 81
161, 266, 59, 81
42, 73, 178, 274
0, 0, 220, 347
42, 73, 178, 274
42, 73, 178, 274
42, 73, 178, 274
161, 266, 59, 81
161, 266, 59, 81
161, 266, 59, 81
161, 266, 59, 81
43, 74, 177, 273
43, 74, 177, 273
43, 74, 177, 273
2, 0, 218, 347
43, 74, 177, 273
43, 74, 177, 273
14, 21, 206, 326
14, 21, 206, 326
0, 0, 220, 347
29, 53, 191, 294
29, 53, 191, 294
29, 53, 191, 294
43, 74, 177, 273
200, 330, 20, 17
198, 332, 22, 15
1, 1, 219, 346
1, 5, 219, 342
0, 0, 220, 347
0, 0, 220, 347
0, 0, 220, 347
0, 0, 220, 347
1, 5, 219, 342
0, 0, 220, 347
0, 0, 220, 347
0, 0, 220, 347
117, 195, 103, 152
117, 195, 103, 152
0, 0, 220, 347
0, 0, 220, 347
0, 0, 220, 347
0, 0, 220, 347
82, 132, 138, 215
82, 132, 138, 215
82, 132, 138, 215
82, 132, 138, 215
0, 0, 220, 347
0, 0, 220, 347
0, 0, 220, 347
0, 0, 220, 347
158, 263, 62, 84
86, 143, 134, 204
86, 143, 134, 204
86, 143, 134, 204
86, 143, 134, 204
159, 263, 61, 84
161, 266, 59, 81
0, 0, 220, 347
0, 0, 220, 347
0, 0, 220, 347
36, 63, 184, 284
36, 63, 184, 284
36, 63, 184, 284
36, 63, 184, 284
0, 0, 220, 347
0, 0, 220, 347
0, 0, 220, 347
0, 0, 220, 347
0, 0, 220, 347
0, 0, 220, 347
0, 0, 220, 347
0, 0, 220, 347
0, 0, 220, 347
0, 0, 220, 347
0, 0, 220, 347
0, 0, 220, 347
0, 0, 220, 347
0, 0, 220, 347
0, 0, 220, 347
2, 5, 218, 342
2, 5, 218, 342
2, 5, 218, 342
1, 4, 219, 343
1, 4, 219, 343
1, 4, 219, 343
0, 1, 220, 346
0, 1, 220, 346
0, 1, 220, 346
0, 1, 220, 346
0, 1, 220, 346
0, 1, 220, 346
0, 0, 220, 347
0, 1, 220, 346
0, 1, 220, 346
0, 1, 220, 346
43, 79, 177, 268
43, 79, 177, 268
43, 79, 177, 268
43, 79, 177, 268
204, 343, 16, 4
204, 343, 16, 4
204, 343, 16, 4
204, 343, 16, 4
43, 73, 177, 274
43, 73, 177, 274
1, 4, 219, 343
1, 4, 219, 343
195, 330, 25, 17
195, 330, 25, 17
204, 346, 16, 1
204, 346, 16, 1
204, 346, 16, 1
204, 346, 16, 1
204, 346, 16, 1
204, 346, 16, 1
0, 0, 220, 347
0, 0, 220, 347
43, 73, 177, 274
43, 73, 177, 274
0, 0, 220, 347
43, 73, 177, 274
43, 73, 177, 274
0, 0, 220, 347
0, 0, 220, 347
43, 73, 177, 274
43, 73, 177, 274
0, 0, 220, 347
0, 0, 220, 347
195, 330, 25, 17
195, 330, 25, 17
195, 327, 25, 20
195, 327, 25, 20
0, 0, 220, 347
0, 0, 220, 347
195, 330, 25, 17
195, 330, 25, 17
0, 0, 220, 347
0, 0, 220, 347
0, 0, 220, 347
0, 0, 220, 347
85, 139, 135, 208
85, 139, 135, 208
1, 4, 219, 343
1, 4, 219, 343
1, 4, 219, 343
39, 73, 181, 274
39, 73, 181, 274
39, 73, 181, 274
0, 0, 220, 347
0, 0, 220, 347
0, 0, 220, 347
0, 0, 220, 347
159, 273, 61, 74
205, 347, 15, 0
205, 347, 15, 0
205, 347, 15, 0
205, 347, 15, 0
205, 347, 15, 0
205, 347, 15, 0
205, 347, 15, 0
0, 0, 220, 347
0, 0, 220, 347
0, 0, 220, 347
0, 0, 220, 347
0, 0, 220, 347
0, 0, 220, 347
0, 0, 220, 347
0, 0, 220, 347
0, 0, 220, 347
0, 0, 220, 347
205, 347, 15, 0
198, 347, 22, 0
198, 347, 22, 0
198, 347, 22, 0
198, 347, 22, 0
198, 347, 22, 0
0, 1, 220, 346
0, 1, 220, 346
0, 1, 220, 346
205, 347, 15, 0
205, 347, 15, 0
205, 347, 15, 0
205, 347, 15, 0
205, 347, 15, 0
159, 274, 61, 73
159, 274, 61, 73
159, 274, 61, 73
159, 274, 61, 73
159, 274, 61, 73
0, 1, 220, 346
0, 0, 220, 347
205, 347, 15, 0
205, 347, 15, 0
205, 347, 15, 0
205, 347, 15, 0
205, 347, 15, 0
0, 0, 220, 347
205, 347, 15, 0
0, 0, 220, 347
0, 0, 220, 347
0, 0, 220, 347
205, 347, 15, 0
205, 347, 15, 0
205, 347, 15, 0
205, 347, 15, 0
159, 274, 61, 73
205, 347, 15, 0
205, 347, 15, 0
0, 0, 220, 347
0, 0, 220, 347
0, 0, 220, 347
0, 0, 220, 347
0, 0, 220, 347
0, 0, 220, 347
0, 0, 220, 347
0, 0, 220, 347
205, 347, 15, 0
205, 347, 15, 0
205, 347, 15, 0
205, 347, 15, 0
198, 347, 22, 0
198, 347, 22, 0
198, 347, 22, 0
159, 274, 61, 73
159, 274, 61, 73
205, 347, 15, 0
205, 347, 15, 0
205, 347, 15, 0
205, 347, 15, 0
205, 347, 15, 0
205, 347, 15, 0
205, 347, 15, 0
205, 347, 15, 0
205, 347, 15, 0
205, 347, 15, 0
205, 347, 15, 0
205, 347, 15, 0
159, 275, 61, 72
159, 275, 61, 72
0, 2, 220, 345
0, 2, 220, 345
159, 275, 61, 72
1, 9, 219, 338
1, 9, 219, 338
0, 1, 220, 346
159, 275, 61, 72
205, 347, 15, 0
0, 0, 220, 347
0, 0, 220, 347
0, 0, 220, 347
0, 0, 220, 347
0, 0, 220, 347
0, 0, 220, 347
0, 0, 220, 347
0, 0, 220, 347
0, 0, 220, 347
0, 0, 220, 347
0, 0, 220, 347
0, 0, 220, 347
0, 0, 220, 347
43, 80, 177, 267
43, 80, 177, 267
43, 80, 177, 267
43, 80, 177, 267
0, 0, 220, 347
0, 0, 220, 347
0, 0, 220, 347
0, 0, 220, 347
0, 0, 220, 347
0, 0, 220, 347
0, 0, 220, 347
0, 0, 220, 347
0, 0, 220, 347
0, 0, 220, 347
43, 80, 177, 267
1, 10, 219, 337
43, 80, 177, 267
43, 80, 177, 267
43, 80, 177, 267
42, 73, 178, 274
42, 73, 178, 274
42, 73, 178, 274
0, 0, 220, 347
0, 0, 220, 347
0, 0, 220, 347
0, 0, 220, 347
0, 0, 220, 347
0, 0, 220, 347
0, 0, 220, 347
0, 0, 220, 347
0, 0, 220, 347
0, 0, 220, 347
0, 0, 220, 347
0, 0, 220, 347
0, 0, 220, 347
42, 73, 178, 274
42, 73, 178, 274
42, 73, 178, 274
42, 73, 178, 274
198, 347, 22, 0
198, 347, 22, 0
0, 0, 220, 347
198, 347, 22, 0
198, 347, 22, 0
198, 347, 22, 0
0, 0, 220, 347
0, 0, 220, 347
0, 0, 220, 347
0, 0, 220, 347
0, 0, 220, 347
0, 0, 220, 347
0, 0, 220, 347
0, 0, 220, 347
0, 0, 220, 347
0, 0, 220, 347
205, 347, 15, 0
205, 347, 15, 0
205, 347, 15, 0
205, 347, 15, 0
205, 347, 15, 0
205, 347, 15, 0
205, 347, 15, 0
205, 347, 15, 0
205, 347, 15, 0
0, 0, 220, 347
205, 347, 15, 0
205, 347, 15, 0
205, 347, 15, 0
0, 0, 220, 347
205, 347, 15, 0
205, 347, 15, 0
0, 0, 220, 347
0, 0, 220, 347
0, 0, 220, 347
0, 0, 220, 347
0, 0, 220, 347
0, 0, 220, 347
205, 347, 15, 0
205, 347, 15, 0
205, 347, 15, 0
205, 347, 15, 0
205, 347, 15, 0
205, 347, 15, 0
205, 347, 15, 0
205, 347, 15, 0
205, 347, 15, 0
205, 347, 15, 0
205, 347, 15, 0
0, 0, 220, 347
0, 0, 220, 347
0, 0, 220, 347
0, 0, 220, 347
0, 0, 220, 347
0, 0, 220, 347
0, 0, 220, 347
0, 0, 220, 347
0, 0, 220, 347
0, 0, 220, 347
0, 0, 220, 347
0, 0, 220, 347
0, 0, 220, 347
0, 0, 220, 347
0, 0, 220, 347
0, 0, 220, 347
0, 0, 220, 347
0, 0, 220, 347
0, 0, 220, 347
0, 0, 220, 347
0, 0, 220, 347
0, 0, 220, 347
220, 347, 0, 0
220, 347, 0, 0
20, 13, 200, 334
20, 13, 200, 334
196, 347, 24, 0
196, 347, 24, 0
196, 347, 24, 0
198, 347, 22, 0
198, 347, 22, 0
0, 1, 220, 346
0, 1, 220, 346
198, 347, 22, 0
207, 347, 13, 0
207, 347, 13, 0
207, 347, 13, 0
207, 347, 13, 0
207, 347, 13, 0
1, 0, 219, 347
0, 0, 220, 347
0, 0, 220, 347
206, 347, 14, 0
220, 347, 0, 0
220, 347, 0, 0
20, 13, 200, 334
20, 13, 200, 334
196, 347, 24, 0
196, 347, 24, 0
196, 347, 24, 0
