1449
264, 303, 0, 0
264, 303, 0, 0
264, 303, 0, 0
264, 303, 0, 0
264, 303, 0, 0
249, 303, 15, 0
240, 303, 24, 0
240, 303, 24, 0
240, 303, 24, 0
0, 6, 264, 297
240, 303, 24, 0
0, 1, 264, 302
240, 303, 24, 0
240, 303, 24, 0
0, 0, 264, 303
261, 303, 3, 0
261, 303, 3, 0
0, 2, 264, 301
0, 0, 264, 303
0, 2, 264, 301
0, 0, 264, 303
261, 303, 3, 0
11, 0, 253, 303
0, 0, 264, 303
11, 0, 253, 303
0, 0, 264, 303
11, 0, 253, 303
0, 0, 264, 303
261, 303, 3, 0
0, 5, 264, 298
0, 0, 264, 303
0, 5, 264, 298
0, 0, 264, 303
0, 5, 264, 298
0, 5, 264, 298
0, 0, 264, 303
0, 5, 264, 298
0, 0, 264, 303
261, 303, 3, 0
2, 7, 262, 296
2, 7, 262, 296
2, 7, 262, 296
0, 0, 264, 303
2, 7, 262, 296
0, 3, 264, 300
2, 7, 262, 296
0, 2, 264, 301
2, 7, 262, 296
0, 2, 264, 301
2, 7, 262, 296
0, 2, 264, 301
2, 7, 262, 296
0, 2, 264, 301
2, 7, 262, 296
0, 0, 264, 303
2, 7, 262, 296
0, 2, 264, 301
2, 7, 262, 296
0, 2, 264, 301
2, 7, 262, 296
2, 7, 262, 296
2, 7, 262, 296
0, 2, 264, 301
2, 7, 262, 296
2, 1, 262, 302
2, 7, 262, 296
0, 6, 264, 297
2, 7, 262, 296
0, 2, 264, 301
2, 7, 262, 296
1, 3, 263, 300
2, 7, 262, 296
0, 1, 264, 302
2, 6, 262, 297
2, 7, 262, 296
2, 7, 262, 296
2, 1, 262, 302
2, 7, 262, 296
1, 0, 263, 303
2, 7, 262, 296
1, 0, 263, 303
2, 7, 262, 296
2, 6, 262, 297
2, 7, 262, 296
2, 6, 262, 297
2, 7, 262, 296
2, 0, 262, 303
2, 7, 262, 296
0, 1, 264, 302
2, 7, 262, 296
0, 0, 264, 303
2, 7, 262, 296
2, 7, 262, 296
2, 7, 262, 296
2, 7, 262, 296
2, 7, 262, 296
2, 0, 262, 303
0, 7, 264, 296
0, 0, 264, 303
0, 7, 264, 296
2, 7, 262, 296
0, 0, 264, 303
2, 7, 262, 296
2, 7, 262, 296
2, 7, 262, 296
2, 0, 262, 303
0, 7, 264, 296
2, 7, 262, 296
2, 7, 262, 296
2, 7, 262, 296
1, 0, 263, 303
1, 0, 263, 303
1, 7, 263, 296
1, 7, 263, 296
1, 7, 263, 296
1, 7, 263, 296
1, 7, 263, 296
1, 7, 263, 296
1, 7, 263, 296
2, 7, 262, 296
2, 6, 262, 297
2, 6, 262, 297
2, 7, 262, 296
2, 6, 262, 297
2, 6, 262, 297
2, 7, 262, 296
2, 7, 262, 296
2, 7, 262, 296
261, 303, 3, 0
264, 303, 0, 0
264, 303, 0, 0
264, 303, 0, 0
264, 303, 0, 0
264, 303, 0, 0
264, 303, 0, 0
264, 303, 0, 0
264, 303, 0, 0
264, 303, 0, 0
264, 303, 0, 0
264, 303, 0, 0
264, 303, 0, 0
264, 303, 0, 0
264, 303, 0, 0
264, 303, 0, 0
264, 303, 0, 0
264, 303, 0, 0
264, 303, 0, 0
0, 0, 264, 303
264, 303, 0, 0
264, 303, 0, 0
264, 303, 0, 0
258, 292, 6, 11
258, 292, 6, 11
258, 292, 6, 11
0, 0, 264, 303
0, 0, 264, 303
0, 2, 264, 301
0, 2, 264, 301
0, 2, 264, 301
0, 5, 264, 298
0, 5, 264, 298
0, 1, 264, 302
229, 249, 35, 54
1, 0, 263, 303
228, 249, 36, 54
228, 249, 36, 54
228, 249, 36, 54
228, 249, 36, 54
228, 249, 36, 54
228, 249, 36, 54
228, 246, 36, 57
122, 121, 142, 182
122, 121, 142, 182
122, 121, 142, 182
122, 121, 142, 182
3, 12, 261, 291
3, 12, 261, 291
5, 13, 259, 290
5, 13, 259, 290
43, 120, 221, 183
43, 120, 221, 183
162, 80, 102, 223
162, 80, 102, 223
1, 0, 263, 303
227, 249, 37, 54
120, 132, 144, 171
120, 132, 144, 171
84, 0, 180, 303
84, 0, 180, 303
84, 0, 180, 303
80, 0, 184, 303
80, 0, 184, 303
80, 0, 184, 303
1, 0, 263, 303
1, 0, 263, 303
1, 2, 263, 301
1, 2, 263, 301
1, 2, 263, 301
0, 3, 264, 300
0, 3, 264, 300
1, 162, 263, 141
1, 162, 263, 141
0, 3, 264, 300
0, 3, 264, 300
0, 1, 264, 302
1, 3, 263, 300
1, 0, 263, 303
0, 3, 264, 300
0, 3, 264, 300
4, 10, 260, 293
4, 10, 260, 293
2, 2, 262, 301
1, 0, 263, 303
1, 2, 263, 301
1, 2, 263, 301
0, 3, 264, 300
0, 3, 264, 300
0, 3, 264, 300
0, 3, 264, 300
8, 14, 256, 289
8, 14, 256, 289
2, 7, 262, 296
2, 7, 262, 296
1, 0, 263, 303
1, 0, 263, 303
0, 3, 264, 300
0, 3, 264, 300
1, 2, 263, 301
1, 2, 263, 301
1, 2, 263, 301
0, 2, 264, 301
0, 2, 264, 301
0, 2, 264, 301
1, 0, 263, 303
1, 0, 263, 303
1, 0, 263, 303
254, 292, 10, 11
257, 303, 7, 0
256, 299, 8, 4
56, 24, 208, 279
200, 275, 64, 28
257, 303, 7, 0
256, 299, 8, 4
97, 25, 167, 278
159, 274, 105, 29
257, 303, 7, 0
1, 162, 263, 141
0, 0, 264, 303
1, 162, 263, 141
1, 0, 263, 303
0, 162, 264, 141
0, 162, 264, 141
0, 162, 264, 141
256, 303, 8, 0
3, 0, 261, 303
253, 303, 11, 0
1, 0, 263, 303
252, 303, 12, 0
1, 0, 263, 303
251, 303, 13, 0
0, 0, 264, 303
251, 303, 13, 0
251, 300, 13, 3
0, 0, 264, 303
251, 300, 13, 3
251, 300, 13, 3
251, 300, 13, 3
251, 300, 13, 3
0, 0, 264, 303
251, 300, 13, 3
251, 303, 13, 0
251, 303, 13, 0
251, 303, 13, 0
250, 303, 14, 0
0, 5, 264, 298
0, 5, 264, 298
0, 0, 264, 303
250, 298, 14, 5
250, 303, 14, 0
250, 303, 14, 0
250, 303, 14, 0
1, 0, 263, 303
249, 303, 15, 0
0, 1, 264, 302
0, 1, 264, 302
0, 1, 264, 302
0, 1, 264, 302
0, 1, 264, 302
0, 1, 264, 302
0, 1, 264, 302
0, 1, 264, 302
0, 1, 264, 302
0, 1, 264, 302
0, 1, 264, 302
0, 1, 264, 302
0, 1, 264, 302
0, 1, 264, 302
0, 1, 264, 302
249, 303, 15, 0
249, 303, 15, 0
249, 303, 15, 0
249, 303, 15, 0
249, 303, 15, 0
249, 303, 15, 0
249, 303, 15, 0
249, 303, 15, 0
249, 303, 15, 0
249, 303, 15, 0
249, 303, 15, 0
127, 175, 137, 128
127, 175, 137, 128
127, 175, 137, 128
127, 175, 137, 128
127, 175, 137, 128
122, 128, 142, 175
122, 128, 142, 175
122, 128, 142, 175
249, 303, 15, 0
249, 303, 15, 0
249, 303, 15, 0
249, 303, 15, 0
249, 303, 15, 0
249, 303, 15, 0
0, 0, 264, 303
0, 0, 264, 303
248, 303, 16, 0
6, 0, 258, 303
242, 303, 22, 0
0, 162, 264, 141
242, 141, 22, 162
0, 0, 264, 303
242, 303, 22, 0
0, 162, 264, 141
242, 141, 22, 162
0, 0, 264, 303
242, 303, 22, 0
2, 10, 262, 293
0, 2, 264, 301
0, 2, 264, 301
2, 10, 262, 293
0, 1, 264, 302
0, 1, 264, 302
0, 1, 264, 302
0, 0, 264, 303
2, 10, 262, 293
2, 3, 262, 300
2, 10, 262, 293
0, 1, 264, 302
242, 303, 22, 0
4, 165, 260, 138
242, 303, 22, 0
0, 33, 264, 270
242, 303, 22, 0
2, 0, 262, 303
2, 0, 262, 303
0, 0, 264, 303
240, 303, 24, 0
190, 277, 74, 26
50, 26, 214, 277
240, 303, 24, 0
0, 0, 264, 303
0, 0, 264, 303
0, 0, 264, 303
240, 303, 24, 0
80, 12, 184, 291
160, 291, 104, 12
160, 291, 104, 12
240, 303, 24, 0
2, 167, 262, 136
240, 303, 24, 0
120, 132, 144, 171
240, 303, 24, 0
0, 162, 264, 141
0, 162, 264, 141
0, 162, 264, 141
240, 141, 24, 162
240, 141, 24, 162
240, 303, 24, 0
0, 0, 264, 303
240, 303, 24, 0
0, 162, 264, 141
240, 141, 24, 162
240, 141, 24, 162
240, 303, 24, 0
120, 175, 144, 128
120, 128, 144, 175
240, 303, 24, 0
240, 303, 24, 0
240, 303, 24, 0
120, 175, 144, 128
240, 303, 24, 0
249, 303, 15, 0
249, 303, 15, 0
249, 303, 15, 0
249, 303, 15, 0
249, 303, 15, 0
249, 303, 15, 0
249, 303, 15, 0
249, 303, 15, 0
249, 303, 15, 0
249, 303, 15, 0
249, 303, 15, 0
249, 303, 15, 0
249, 303, 15, 0
249, 303, 15, 0
249, 303, 15, 0
249, 303, 15, 0
249, 303, 15, 0
249, 303, 15, 0
249, 303, 15, 0
249, 303, 15, 0
249, 303, 15, 0
249, 303, 15, 0
249, 303, 15, 0
249, 303, 15, 0
249, 303, 15, 0
249, 303, 15, 0
249, 303, 15, 0
249, 303, 15, 0
249, 303, 15, 0
249, 303, 15, 0
249, 303, 15, 0
249, 303, 15, 0
249, 303, 15, 0
249, 303, 15, 0
249, 303, 15, 0
249, 303, 15, 0
249, 303, 15, 0
249, 303, 15, 0
249, 303, 15, 0
249, 303, 15, 0
249, 303, 15, 0
249, 303, 15, 0
249, 303, 15, 0
249, 303, 15, 0
2, 0, 262, 303
2, 0, 262, 303
2, 0, 262, 303
2, 0, 262, 303
2, 0, 262, 303
2, 0, 262, 303
2, 0, 262, 303
2, 0, 262, 303
2, 0, 262, 303
2, 0, 262, 303
2, 0, 262, 303
2, 0, 262, 303
2, 0, 262, 303
2, 0, 262, 303
2, 0, 262, 303
2, 0, 262, 303
2, 0, 262, 303
2, 0, 262, 303
2, 0, 262, 303
2, 0, 262, 303
2, 0, 262, 303
2, 0, 262, 303
2, 0, 262, 303
2, 0, 262, 303
2, 0, 262, 303
2, 0, 262, 303
2, 0, 262, 303
2, 0, 262, 303
2, 0, 262, 303
2, 0, 262, 303
2, 0, 262, 303
2, 0, 262, 303
2, 0, 262, 303
2, 0, 262, 303
196, 234, 68, 69
196, 234, 68, 69
196, 234, 68, 69
196, 234, 68, 69
196, 234, 68, 69
194, 233, 70, 70
2, 1, 262, 302
196, 234, 68, 69
196, 234, 68, 69
2, 0, 262, 303
2, 0, 262, 303
2, 0, 262, 303
196, 234, 68, 69
196, 234, 68, 69
248, 303, 16, 0
248, 303, 16, 0
2, 0, 262, 303
2, 0, 262, 303
2, 0, 262, 303
2, 0, 262, 303
2, 0, 262, 303
248, 303, 16, 0
248, 303, 16, 0
196, 234, 68, 69
248, 303, 16, 0
248, 303, 16, 0
248, 303, 16, 0
248, 303, 16, 0
248, 303, 16, 0
248, 303, 16, 0
0, 4, 264, 299
0, 4, 264, 299
0, 4, 264, 299
0, 4, 264, 299
0, 4, 264, 299
0, 4, 264, 299
0, 4, 264, 299
0, 4, 264, 299
0, 4, 264, 299
0, 4, 264, 299
0, 4, 264, 299
0, 4, 264, 299
0, 4, 264, 299
240, 303, 24, 0
240, 303, 24, 0
232, 282, 32, 21
232, 282, 32, 21
0, 4, 264, 299
0, 4, 264, 299
0, 4, 264, 299
0, 4, 264, 299
240, 303, 24, 0
0, 33, 264, 270
0, 33, 264, 270
0, 33, 264, 270
0, 33, 264, 270
0, 33, 264, 270
0, 33, 264, 270
0, 33, 264, 270
0, 33, 264, 270
0, 33, 264, 270
0, 33, 264, 270
0, 33, 264, 270
0, 4, 264, 299
0, 4, 264, 299
0, 4, 264, 299
0, 4, 264, 299
0, 4, 264, 299
0, 4, 264, 299
0, 4, 264, 299
0, 4, 264, 299
0, 4, 264, 299
0, 4, 264, 299
0, 4, 264, 299
0, 4, 264, 299
0, 4, 264, 299
0, 4, 264, 299
0, 4, 264, 299
0, 4, 264, 299
0, 4, 264, 299
0, 4, 264, 299
0, 4, 264, 299
0, 4, 264, 299
0, 4, 264, 299
0, 4, 264, 299
0, 4, 264, 299
0, 4, 264, 299
0, 4, 264, 299
0, 4, 264, 299
0, 4, 264, 299
0, 4, 264, 299
0, 4, 264, 299
0, 4, 264, 299
0, 4, 264, 299
0, 4, 264, 299
240, 303, 24, 0
240, 303, 24, 0
240, 303, 24, 0
240, 303, 24, 0
240, 303, 24, 0
240, 303, 24, 0
240, 303, 24, 0
240, 303, 24, 0
240, 303, 24, 0
240, 303, 24, 0
240, 303, 24, 0
240, 303, 24, 0
240, 303, 24, 0
240, 303, 24, 0
240, 303, 24, 0
240, 303, 24, 0
240, 303, 24, 0
240, 303, 24, 0
240, 303, 24, 0
240, 303, 24, 0
240, 303, 24, 0
240, 303, 24, 0
240, 303, 24, 0
240, 303, 24, 0
240, 303, 24, 0
240, 303, 24, 0
0, 0, 264, 303
240, 303, 24, 0
240, 303, 24, 0
240, 303, 24, 0
240, 303, 24, 0
0, 1, 264, 302
0, 1, 264, 302
0, 1, 264, 302
0, 1, 264, 302
0, 1, 264, 302
0, 1, 264, 302
0, 1, 264, 302
0, 1, 264, 302
0, 1, 264, 302
0, 1, 264, 302
0, 1, 264, 302
0, 0, 264, 303
0, 1, 264, 302
240, 303, 24, 0
240, 303, 24, 0
240, 303, 24, 0
240, 303, 24, 0
240, 303, 24, 0
240, 303, 24, 0
240, 303, 24, 0
240, 303, 24, 0
240, 303, 24, 0
240, 303, 24, 0
0, 14, 264, 289
0, 14, 264, 289
240, 303, 24, 0
240, 303, 24, 0
80, 118, 184, 185
80, 118, 184, 185
0, 0, 264, 303
0, 0, 264, 303
0, 0, 264, 303
0, 0, 264, 303
0, 0, 264, 303
80, 118, 184, 185
80, 116, 184, 187
240, 303, 24, 0
80, 12, 184, 291
80, 12, 184, 291
80, 12, 184, 291
80, 12, 184, 291
160, 291, 104, 12
10, 13, 254, 290
10, 12, 254, 291
0, 1, 264, 302
10, 13, 254, 290
10, 13, 254, 290
10, 13, 254, 290
10, 13, 254, 290
10, 13, 254, 290
240, 303, 24, 0
240, 303, 24, 0
240, 303, 24, 0
240, 303, 24, 0
240, 303, 24, 0
240, 303, 24, 0
240, 303, 24, 0
240, 303, 24, 0
240, 303, 24, 0
240, 303, 24, 0
240, 303, 24, 0
240, 303, 24, 0
0, 0, 264, 303
240, 303, 24, 0
160, 291, 104, 12
0, 0, 264, 303
160, 291, 104, 12
160, 291, 104, 12
160, 291, 104, 12
240, 303, 24, 0
240, 303, 24, 0
240, 303, 24, 0
240, 303, 24, 0
240, 303, 24, 0
240, 303, 24, 0
240, 303, 24, 0
240, 303, 24, 0
240, 303, 24, 0
0, 14, 264, 289
240, 303, 24, 0
240, 303, 24, 0
240, 303, 24, 0
240, 303, 24, 0
240, 303, 24, 0
240, 303, 24, 0
240, 303, 24, 0
240, 303, 24, 0
240, 303, 24, 0
240, 303, 24, 0
240, 303, 24, 0
240, 303, 24, 0
0, 33, 264, 270
240, 303, 24, 0
240, 303, 24, 0
0, 14, 264, 289
240, 303, 24, 0
240, 303, 24, 0
240, 303, 24, 0
216, 267, 48, 36
216, 267, 48, 36
216, 267, 48, 36
0, 13, 264, 290
216, 267, 48, 36
216, 267, 48, 36
216, 267, 48, 36
216, 267, 48, 36
240, 303, 24, 0
240, 303, 24, 0
240, 303, 24, 0
240, 303, 24, 0
0, 0, 264, 303
0, 0, 264, 303
240, 303, 24, 0
240, 303, 24, 0
240, 303, 24, 0
80, 116, 184, 187
80, 116, 184, 187
240, 303, 24, 0
10, 13, 254, 290
10, 13, 254, 290
10, 13, 254, 290
10, 13, 254, 290
10, 13, 254, 290
10, 13, 254, 290
10, 13, 254, 290
230, 290, 34, 13
80, 12, 184, 291
150, 278, 114, 25
150, 278, 114, 25
150, 278, 114, 25
150, 278, 114, 25
150, 278, 114, 25
150, 278, 114, 25
150, 278, 114, 25
150, 278, 114, 25
150, 278, 114, 25
240, 303, 24, 0
10, 13, 254, 290
230, 290, 34, 13
150, 278, 114, 25
150, 278, 114, 25
150, 278, 114, 25
150, 278, 114, 25
150, 278, 114, 25
240, 303, 24, 0
240, 303, 24, 0
240, 303, 24, 0
240, 303, 24, 0
240, 303, 24, 0
240, 303, 24, 0
240, 303, 24, 0
240, 303, 24, 0
240, 303, 24, 0
240, 303, 24, 0
240, 303, 24, 0
240, 303, 24, 0
240, 303, 24, 0
240, 303, 24, 0
0, 2, 264, 301
240, 303, 24, 0
240, 303, 24, 0
240, 303, 24, 0
240, 303, 24, 0
0, 2, 264, 301
46, 68, 218, 235
240, 303, 24, 0
0, 1, 264, 302
240, 303, 24, 0
240, 303, 24, 0
240, 303, 24, 0
240, 303, 24, 0
240, 303, 24, 0
240, 303, 24, 0
240, 303, 24, 0
240, 303, 24, 0
240, 303, 24, 0
240, 303, 24, 0
2, 167, 262, 136
238, 136, 26, 167
240, 303, 24, 0
240, 303, 24, 0
2, 167, 262, 136
2, 167, 262, 136
2, 167, 262, 136
2, 167, 262, 136
2, 167, 262, 136
2, 167, 262, 136
2, 167, 262, 136
238, 136, 26, 167
238, 136, 26, 167
238, 136, 26, 167
238, 136, 26, 167
238, 136, 26, 167
238, 136, 26, 167
238, 136, 26, 167
240, 303, 24, 0
240, 303, 24, 0
240, 303, 24, 0
240, 303, 24, 0
240, 303, 24, 0
240, 303, 24, 0
240, 303, 24, 0
240, 303, 24, 0
240, 303, 24, 0
240, 303, 24, 0
240, 303, 24, 0
240, 303, 24, 0
240, 303, 24, 0
240, 303, 24, 0
94, 115, 170, 188
94, 115, 170, 188
0, 0, 264, 303
94, 115, 170, 188
94, 115, 170, 188
94, 115, 170, 188
94, 115, 170, 188
240, 303, 24, 0
185, 232, 79, 71
185, 232, 79, 71
185, 232, 79, 71
1, 0, 263, 303
185, 232, 79, 71
185, 231, 79, 72
185, 232, 79, 71
185, 232, 79, 71
185, 232, 79, 71
240, 303, 24, 0
0, 0, 264, 303
240, 303, 24, 0
239, 294, 25, 9
239, 294, 25, 9
240, 303, 24, 0
240, 303, 24, 0
240, 303, 24, 0
240, 303, 24, 0
240, 303, 24, 0
240, 303, 24, 0
240, 303, 24, 0
240, 303, 24, 0
240, 303, 24, 0
240, 303, 24, 0
240, 303, 24, 0
240, 303, 24, 0
240, 303, 24, 0
0, 0, 264, 303
240, 303, 24, 0
239, 294, 25, 9
239, 294, 25, 9
239, 294, 25, 9
240, 303, 24, 0
240, 303, 24, 0
240, 303, 24, 0
240, 303, 24, 0
240, 303, 24, 0
240, 303, 24, 0
240, 303, 24, 0
94, 115, 170, 188
94, 115, 170, 188
0, 0, 264, 303
94, 115, 170, 188
94, 115, 170, 188
240, 303, 24, 0
240, 303, 24, 0
185, 232, 79, 71
185, 232, 79, 71
185, 232, 79, 71
1, 0, 263, 303
185, 232, 79, 71
240, 303, 24, 0
120, 175, 144, 128
120, 175, 144, 128
120, 175, 144, 128
120, 175, 144, 128
120, 175, 144, 128
94, 134, 170, 169
94, 134, 170, 169
94, 134, 170, 169
94, 134, 170, 169
94, 134, 170, 169
120, 175, 144, 128
120, 175, 144, 128
140, 235, 124, 68
140, 235, 124, 68
140, 235, 124, 68
140, 235, 124, 68
140, 235, 124, 68
140, 235, 124, 68
140, 235, 124, 68
140, 235, 124, 68
246, 303, 18, 0
246, 303, 18, 0
246, 303, 18, 0
202, 274, 62, 29
202, 274, 62, 29
1, 2, 263, 301
202, 274, 62, 29
202, 274, 62, 29
202, 274, 62, 29
202, 274, 62, 29
201, 271, 63, 32
200, 271, 64, 32
1, 3, 263, 300
200, 271, 64, 32
200, 271, 64, 32
149, 185, 115, 118
200, 271, 64, 32
200, 271, 64, 32
200, 271, 64, 32
200, 271, 64, 32
200, 271, 64, 32
200, 271, 64, 32
201, 265, 63, 38
201, 265, 63, 38
197, 253, 67, 50
201, 265, 63, 38
201, 271, 63, 32
202, 274, 62, 29
201, 266, 63, 37
201, 266, 63, 37
202, 274, 62, 29
202, 274, 62, 29
200, 271, 64, 32
246, 303, 18, 0
245, 294, 19, 9
245, 294, 19, 9
244, 293, 20, 10
245, 294, 19, 9
245, 294, 19, 9
245, 294, 19, 9
245, 294, 19, 9
245, 294, 19, 9
240, 303, 24, 0
240, 303, 24, 0
240, 303, 24, 0
240, 303, 24, 0
240, 303, 24, 0
240, 303, 24, 0
0, 0, 264, 303
0, 0, 264, 303
240, 303, 24, 0
240, 303, 24, 0
240, 303, 24, 0
2, 169, 262, 134
238, 134, 26, 169
80, 12, 184, 291
158, 122, 106, 181
238, 134, 26, 169
238, 134, 26, 169
238, 134, 26, 169
238, 134, 26, 169
238, 134, 26, 169
238, 134, 26, 169
240, 303, 24, 0
240, 303, 24, 0
2, 169, 262, 134
238, 134, 26, 169
238, 134, 26, 169
238, 134, 26, 169
238, 134, 26, 169
238, 134, 26, 169
90, 23, 174, 280
148, 111, 116, 192
238, 134, 26, 169
238, 134, 26, 169
238, 134, 26, 169
238, 134, 26, 169
80, 12, 184, 291
80, 12, 184, 291
80, 12, 184, 291
80, 12, 184, 291
80, 12, 184, 291
0, 0, 264, 303
80, 12, 184, 291
0, 0, 264, 303
80, 12, 184, 291
80, 12, 184, 291
80, 12, 184, 291
80, 12, 184, 291
80, 12, 184, 291
80, 12, 184, 291
80, 12, 184, 291
80, 12, 184, 291
80, 12, 184, 291
80, 12, 184, 291
80, 12, 184, 291
80, 12, 184, 291
80, 12, 184, 291
80, 12, 184, 291
80, 12, 184, 291
80, 12, 184, 291
80, 12, 184, 291
80, 12, 184, 291
80, 12, 184, 291
80, 12, 184, 291
80, 12, 184, 291
80, 12, 184, 291
80, 12, 184, 291
80, 12, 184, 291
80, 12, 184, 291
80, 12, 184, 291
80, 12, 184, 291
80, 12, 184, 291
80, 12, 184, 291
40, 0, 224, 303
80, 12, 184, 291
120, 175, 144, 128
120, 175, 144, 128
120, 175, 144, 128
120, 175, 144, 128
0, 3, 264, 300
120, 175, 144, 128
120, 175, 144, 128
120, 175, 144, 128
120, 175, 144, 128
0, 14, 264, 289
0, 14, 264, 289
0, 14, 264, 289
0, 14, 264, 289
0, 14, 264, 289
0, 14, 264, 289
0, 14, 264, 289
120, 175, 144, 128
240, 303, 24, 0
240, 303, 24, 0
80, 12, 184, 291
160, 291, 104, 12
10, 13, 254, 290
150, 278, 114, 25
2, 167, 262, 136
2, 167, 262, 136
2, 167, 262, 136
2, 167, 262, 136
2, 167, 262, 136
2, 167, 262, 136
2, 167, 262, 136
2, 167, 262, 136
2, 167, 262, 136
2, 167, 262, 136
2, 167, 262, 136
0, 33, 264, 270
0, 33, 264, 270
0, 33, 264, 270
0, 33, 264, 270
0, 33, 264, 270
0, 33, 264, 270
0, 33, 264, 270
0, 33, 264, 270
0, 33, 264, 270
0, 33, 264, 270
0, 33, 264, 270
0, 33, 264, 270
0, 33, 264, 270
0, 33, 264, 270
0, 33, 264, 270
0, 33, 264, 270
0, 33, 264, 270
0, 33, 264, 270
0, 33, 264, 270
0, 33, 264, 270
0, 31, 264, 272
0, 31, 264, 272
0, 31, 264, 272
0, 33, 264, 270
0, 33, 264, 270
0, 33, 264, 270
0, 33, 264, 270
0, 33, 264, 270
0, 33, 264, 270
0, 33, 264, 270
0, 33, 264, 270
0, 33, 264, 270
0, 33, 264, 270
0, 33, 264, 270
0, 33, 264, 270
0, 33, 264, 270
2, 134, 262, 169
2, 134, 262, 169
2, 134, 262, 169
2, 134, 262, 169
2, 134, 262, 169
2, 134, 262, 169
2, 167, 262, 136
2, 167, 262, 136
2, 167, 262, 136
2, 167, 262, 136
2, 167, 262, 136
2, 167, 262, 136
2, 167, 262, 136
148, 111, 116, 192
240, 303, 24, 0
10, 13, 254, 290
10, 13, 254, 290
10, 13, 254, 290
10, 13, 254, 290
10, 13, 254, 290
10, 13, 254, 290
10, 13, 254, 290
10, 13, 254, 290
0, 1, 264, 302
10, 13, 254, 290
10, 13, 254, 290
0, 1, 264, 302
10, 13, 254, 290
150, 278, 114, 25
150, 278, 114, 25
150, 278, 114, 25
150, 278, 114, 25
150, 278, 114, 25
150, 278, 114, 25
150, 278, 114, 25
150, 278, 114, 25
40, 174, 224, 129
40, 174, 224, 129
40, 174, 224, 129
40, 174, 224, 129
40, 174, 224, 129
150, 278, 114, 25
150, 278, 114, 25
150, 278, 114, 25
150, 278, 114, 25
240, 303, 24, 0
240, 303, 24, 0
240, 303, 24, 0
240, 303, 24, 0
10, 13, 254, 290
10, 13, 254, 290
10, 13, 254, 290
10, 11, 254, 292
10, 11, 254, 292
10, 11, 254, 292
10, 13, 254, 290
10, 13, 254, 290
10, 11, 254, 292
10, 13, 254, 290
10, 13, 254, 290
10, 13, 254, 290
230, 290, 34, 13
80, 12, 184, 291
80, 12, 184, 291
80, 12, 184, 291
80, 12, 184, 291
80, 12, 184, 291
80, 12, 184, 291
80, 12, 184, 291
80, 12, 184, 291
80, 12, 184, 291
80, 12, 184, 291
80, 12, 184, 291
80, 12, 184, 291
80, 12, 184, 291
80, 12, 184, 291
80, 12, 184, 291
80, 12, 184, 291
80, 12, 184, 291
150, 278, 114, 25
150, 278, 114, 25
150, 278, 114, 25
150, 278, 114, 25
150, 278, 114, 25
150, 278, 114, 25
150, 278, 114, 25
150, 278, 114, 25
150, 278, 114, 25
150, 276, 114, 27
0, 2, 264, 301
150, 278, 114, 25
0, 1, 264, 302
0, 1, 264, 302
240, 303, 24, 0
240, 303, 24, 0
240, 303, 24, 0
160, 187, 104, 116
120, 175, 144, 128
40, 12, 224, 291
160, 290, 104, 13
240, 303, 24, 0
80, 116, 184, 187
70, 104, 194, 199
80, 116, 184, 187
80, 116, 184, 187
80, 116, 184, 187
240, 303, 24, 0
10, 13, 254, 290
230, 290, 34, 13
80, 12, 184, 291
150, 278, 114, 25
240, 303, 24, 0
80, 116, 184, 187
80, 116, 184, 187
80, 116, 184, 187
80, 116, 184, 187
80, 116, 184, 187
80, 116, 184, 187
240, 303, 24, 0
90, 25, 174, 278
240, 303, 24, 0
2, 167, 262, 136
240, 303, 24, 0
240, 303, 24, 0
240, 303, 24, 0
240, 303, 24, 0
238, 134, 26, 169
240, 303, 24, 0
240, 303, 24, 0
80, 116, 184, 187
80, 116, 184, 187
160, 187, 104, 116
0, 1, 264, 302
0, 1, 264, 302
0, 1, 264, 302
160, 186, 104, 117
80, 12, 184, 291
80, 12, 184, 291
80, 12, 184, 291
80, 12, 184, 291
80, 12, 184, 291
80, 12, 184, 291
80, 174, 184, 129
80, 174, 184, 129
80, 174, 184, 129
2, 97, 262, 206
80, 174, 184, 129
80, 174, 184, 129
240, 303, 24, 0
90, 23, 174, 280
90, 23, 174, 280
90, 23, 174, 280
90, 23, 174, 280
90, 23, 174, 280
90, 23, 174, 280
90, 23, 174, 280
240, 303, 24, 0
240, 303, 24, 0
240, 303, 24, 0
80, 12, 184, 291
160, 291, 104, 12
160, 291, 104, 12
30, 51, 234, 252
30, 51, 234, 252
30, 51, 234, 252
30, 51, 234, 252
160, 291, 104, 12
2, 167, 262, 136
2, 167, 262, 136
240, 303, 24, 0
150, 278, 114, 25
150, 278, 114, 25
150, 278, 114, 25
150, 278, 114, 25
150, 278, 114, 25
150, 278, 114, 25
2, 167, 262, 136
2, 167, 262, 136
2, 167, 262, 136
2, 167, 262, 136
2, 167, 262, 136
2, 167, 262, 136
2, 167, 262, 136
2, 167, 262, 136
2, 167, 262, 136
2, 167, 262, 136
2, 167, 262, 136
2, 167, 262, 136
0, 7, 264, 296
2, 167, 262, 136
2, 167, 262, 136
2, 167, 262, 136
2, 167, 262, 136
0, 33, 264, 270
2, 167, 262, 136
2, 167, 262, 136
0, 7, 264, 296
0, 7, 264, 296
0, 7, 264, 296
0, 7, 264, 296
2, 167, 262, 136
2, 167, 262, 136
148, 111, 116, 192
148, 111, 116, 192
148, 111, 116, 192
148, 111, 116, 192
150, 278, 114, 25
150, 278, 114, 25
2, 167, 262, 136
150, 278, 114, 25
150, 278, 114, 25
150, 278, 114, 25
150, 278, 114, 25
0, 6, 264, 297
150, 278, 114, 25
150, 278, 114, 25
2, 167, 262, 136
150, 278, 114, 25
150, 278, 114, 25
80, 174, 184, 129
150, 278, 114, 25
40, 174, 224, 129
0, 13, 264, 290
40, 174, 224, 129
40, 174, 224, 129
40, 174, 224, 129
0, 13, 264, 290
40, 174, 224, 129
40, 174, 224, 129
150, 278, 114, 25
150, 278, 114, 25
150, 278, 114, 25
150, 278, 114, 25
150, 278, 114, 25
150, 278, 114, 25
150, 278, 114, 25
150, 278, 114, 25
150, 278, 114, 25
119, 221, 145, 82
119, 221, 145, 82
150, 278, 114, 25
150, 278, 114, 25
150, 278, 114, 25
119, 221, 145, 82
119, 221, 145, 82
150, 278, 114, 25
150, 278, 114, 25
150, 278, 114, 25
150, 278, 114, 25
150, 278, 114, 25
150, 278, 114, 25
150, 278, 114, 25
150, 278, 114, 25
150, 278, 114, 25
150, 278, 114, 25
150, 278, 114, 25
150, 278, 114, 25
150, 278, 114, 25
150, 278, 114, 25
84, 143, 180, 160
150, 278, 114, 25
150, 278, 114, 25
150, 278, 114, 25
240, 303, 24, 0
240, 303, 24, 0
240, 303, 24, 0
240, 303, 24, 0
240, 303, 24, 0
240, 303, 24, 0
240, 303, 24, 0
240, 303, 24, 0
240, 303, 24, 0
240, 303, 24, 0
240, 303, 24, 0
240, 303, 24, 0
240, 303, 24, 0
240, 303, 24, 0
1, 166, 263, 137
1, 166, 263, 137
239, 137, 25, 166
240, 303, 24, 0
240, 303, 24, 0
0, 162, 264, 141
0, 162, 264, 141
0, 162, 264, 141
0, 162, 264, 141
0, 162, 264, 141
240, 303, 24, 0
240, 303, 24, 0
240, 303, 24, 0
240, 303, 24, 0
80, 12, 184, 291
80, 12, 184, 291
80, 12, 184, 291
80, 12, 184, 291
80, 12, 184, 291
80, 12, 184, 291
80, 12, 184, 291
40, 0, 224, 303
40, 12, 224, 291
80, 12, 184, 291
80, 12, 184, 291
80, 12, 184, 291
240, 303, 24, 0
80, 12, 184, 291
160, 291, 104, 12
10, 13, 254, 290
150, 278, 114, 25
240, 303, 24, 0
238, 134, 26, 169
238, 134, 26, 169
238, 134, 26, 169
240, 303, 24, 0
80, 116, 184, 187
80, 116, 184, 187
80, 116, 184, 187
0, 0, 264, 303
80, 116, 184, 187
80, 116, 184, 187
240, 303, 24, 0
120, 132, 144, 171
120, 132, 144, 171
120, 132, 144, 171
120, 132, 144, 171
119, 132, 145, 171
120, 132, 144, 171
240, 303, 24, 0
2, 167, 262, 136
2, 167, 262, 136
2, 167, 262, 136
2, 167, 262, 136
2, 167, 262, 136
0, 33, 264, 270
0, 33, 264, 270
0, 33, 264, 270
0, 33, 264, 270
0, 33, 264, 270
0, 33, 264, 270
2, 167, 262, 136
2, 167, 262, 136
2, 167, 262, 136
2, 167, 262, 136
2, 167, 262, 136
0, 33, 264, 270
0, 33, 264, 270
0, 33, 264, 270
2, 167, 262, 136
2, 167, 262, 136
2, 167, 262, 136
238, 136, 26, 167
238, 136, 26, 167
238, 136, 26, 167
238, 136, 26, 167
240, 303, 24, 0
1, 166, 263, 137
1, 166, 263, 137
1, 166, 263, 137
1, 166, 263, 137
1, 166, 263, 137
239, 137, 25, 166
239, 137, 25, 166
240, 303, 24, 0
240, 303, 24, 0
0, 162, 264, 141
0, 162, 264, 141
0, 162, 264, 141
0, 162, 264, 141
0, 162, 264, 141
240, 141, 24, 162
240, 303, 24, 0
240, 303, 24, 0
240, 303, 24, 0
240, 303, 24, 0
240, 0, 24, 303
240, 0, 24, 303
0, 303, 264, 0
0, 303, 264, 0
0, 303, 264, 0
0, 303, 264, 0
0, 303, 264, 0
0, 303, 264, 0
0, 303, 264, 0
0, 303, 264, 0
0, 303, 264, 0
240, 303, 24, 0
240, 303, 24, 0
240, 303, 24, 0
240, 303, 24, 0
240, 303, 24, 0
1, 166, 263, 137
1, 166, 263, 137
1, 166, 263, 137
1, 166, 263, 137
1, 166, 263, 137
1, 166, 263, 137
1, 166, 263, 137
1, 166, 263, 137
240, 303, 24, 0
240, 303, 24, 0
240, 303, 24, 0
240, 303, 24, 0
240, 303, 24, 0
240, 303, 24, 0
240, 303, 24, 0
240, 303, 24, 0
240, 303, 24, 0
0, 162, 264, 141
0, 162, 264, 141
0, 162, 264, 141
0, 162, 264, 141
0, 162, 264, 141
0, 162, 264, 141
0, 162, 264, 141
0, 162, 264, 141
0, 162, 264, 141
0, 162, 264, 141
0, 162, 264, 141
0, 162, 264, 141
0, 162, 264, 141
240, 303, 24, 0
240, 303, 24, 0
120, 132, 144, 171
120, 132, 144, 171
120, 132, 144, 171
120, 132, 144, 171
120, 132, 144, 171
120, 132, 144, 171
120, 132, 144, 171
120, 132, 144, 171
120, 132, 144, 171
120, 132, 144, 171
120, 132, 144, 171
120, 132, 144, 171
120, 132, 144, 171
120, 132, 144, 171
120, 132, 144, 171
120, 132, 144, 171
120, 132, 144, 171
120, 132, 144, 171
120, 132, 144, 171
120, 132, 144, 171
120, 132, 144, 171
120, 132, 144, 171
120, 132, 144, 171
120, 132, 144, 171
120, 132, 144, 171
120, 132, 144, 171
120, 132, 144, 171
120, 132, 144, 171
120, 132, 144, 171
120, 132, 144, 171
120, 132, 144, 171
240, 303, 24, 0
240, 303, 24, 0
240, 303, 24, 0
240, 303, 24, 0
240, 303, 24, 0
240, 303, 24, 0
239, 298, 25, 5
239, 298, 25, 5
239, 298, 25, 5
240, 303, 24, 0
239, 298, 25, 5
239, 298, 25, 5
239, 298, 25, 5
240, 303, 24, 0
240, 303, 24, 0
240, 303, 24, 0
90, 25, 174, 278
150, 278, 114, 25
0, 1, 264, 302
0, 1, 264, 302
150, 277, 114, 26
240, 303, 24, 0
240, 303, 24, 0
240, 303, 24, 0
46, 53, 218, 250
240, 303, 24, 0
240, 303, 24, 0
240, 303, 24, 0
240, 303, 24, 0
240, 303, 24, 0
240, 303, 24, 0
240, 303, 24, 0
240, 303, 24, 0
240, 303, 24, 0
0, 162, 264, 141
0, 162, 264, 141
0, 162, 264, 141
0, 162, 264, 141
240, 303, 24, 0
240, 303, 24, 0
240, 303, 24, 0
48, 64, 216, 239
240, 303, 24, 0
249, 303, 15, 0
249, 303, 15, 0
249, 303, 15, 0
2, 3, 262, 300
2, 3, 262, 300
249, 303, 15, 0
249, 303, 15, 0
249, 303, 15, 0
264, 303, 0, 0
264, 303, 0, 0
0, 0, 264, 303
264, 303, 0, 0
264, 303, 0, 0
0, 0, 264, 303
264, 303, 0, 0
1, 4, 263, 299
1, 4, 263, 299
1, 4, 263, 299
0, 0, 264, 303
1, 4, 263, 299
1, 4, 263, 299
4, 3, 260, 300
4, 3, 260, 300
4, 3, 260, 300
0, 0, 264, 303
4, 3, 260, 300
4, 3, 260, 300
240, 303, 24, 0
240, 303, 24, 0
240, 303, 24, 0
240, 303, 24, 0
240, 303, 24, 0
240, 303, 24, 0
240, 303, 24, 0
240, 303, 24, 0
248, 300, 16, 3
248, 300, 16, 3
0, 0, 264, 303
248, 300, 16, 3
1, 0, 263, 303
247, 300, 17, 3
0, 4, 264, 299
0, 4, 264, 299
249, 303, 15, 0
249, 303, 15, 0
249, 303, 15, 0
249, 303, 15, 0
0, 0, 264, 303
249, 303, 15, 0
249, 303, 15, 0
194, 233, 70, 70
194, 233, 70, 70
194, 233, 70, 70
194, 233, 70, 70
194, 233, 70, 70
147, 170, 117, 133
147, 170, 117, 133
147, 170, 117, 133
147, 170, 117, 133
147, 170, 117, 133
147, 170, 117, 133
147, 170, 117, 133
1, 3, 263, 300
147, 169, 117, 134
146, 168, 118, 135
0, 0, 264, 303
0, 0, 264, 303
147, 168, 117, 135
147, 168, 117, 135
147, 168, 117, 135
147, 170, 117, 133
240, 303, 24, 0
240, 303, 24, 0
236, 302, 28, 1
240, 303, 24, 0
240, 303, 24, 0
240, 303, 24, 0
240, 303, 24, 0
236, 302, 28, 1
236, 302, 28, 1
236, 302, 28, 1
232, 301, 32, 2
232, 301, 32, 2
236, 302, 28, 1
236, 302, 28, 1
15, 0, 249, 303
15, 0, 249, 303
15, 0, 249, 303
0, 0, 264, 303
0, 0, 264, 303
0, 0, 264, 303
0, 0, 264, 303
1, 0, 263, 303
1, 0, 263, 303
1, 0, 263, 303
0, 0, 264, 303
3, 0, 261, 303
3, 0, 261, 303
3, 0, 261, 303
0, 0, 264, 303
0, 1, 264, 302
0, 1, 264, 302
0, 1, 264, 302
0, 1, 264, 302
0, 1, 264, 302
0, 1, 264, 302
0, 1, 264, 302
0, 1, 264, 302
0, 1, 264, 302
249, 303, 15, 0
249, 303, 15, 0
249, 300, 15, 3
249, 300, 15, 3
240, 300, 24, 3
249, 300, 15, 3
249, 303, 15, 0
249, 303, 15, 0
249, 303, 15, 0
249, 303, 15, 0
249, 303, 15, 0
249, 303, 15, 0
249, 303, 15, 0
249, 303, 15, 0
249, 303, 15, 0
249, 303, 15, 0
249, 303, 15, 0
249, 303, 15, 0
10, 13, 254, 290
10, 13, 254, 290
10, 13, 254, 290
10, 13, 254, 290
10, 13, 254, 290
10, 13, 254, 290
10, 13, 254, 290
10, 13, 254, 290
10, 13, 254, 290
10, 13, 254, 290
220, 296, 44, 7
220, 296, 44, 7
198, 288, 66, 15
198, 288, 66, 15
220, 296, 44, 7
220, 296, 44, 7
216, 295, 48, 8
220, 296, 44, 7
220, 296, 44, 7
220, 296, 44, 7
45, 54, 219, 249
45, 54, 219, 249
45, 54, 219, 249
45, 54, 219, 249
104, 120, 160, 183
104, 120, 160, 183
0, 1, 264, 302
0, 1, 264, 302
102, 116, 162, 187
0, 1, 264, 302
54, 65, 210, 238
1, 3, 263, 300
0, 1, 264, 302
1, 4, 263, 299
1, 4, 263, 299
1, 4, 263, 299
1, 4, 263, 299
1, 4, 263, 299
1, 4, 263, 299
1, 4, 263, 299
1, 4, 263, 299
0, 1, 264, 302
0, 1, 264, 302
0, 1, 264, 302
0, 1, 264, 302
0, 1, 264, 302
0, 1, 264, 302
0, 1, 264, 302
0, 1, 264, 302
47, 53, 217, 250
1, 4, 263, 299
1, 4, 263, 299
1, 4, 263, 299
1, 15, 263, 288
1, 15, 263, 288
1, 15, 263, 288
0, 14, 264, 289
0, 14, 264, 289
0, 15, 264, 288
0, 14, 264, 289
0, 15, 264, 288
0, 14, 264, 289
0, 15, 264, 288
1, 15, 263, 288
1, 15, 263, 288
0, 14, 264, 289
0, 14, 264, 289
0, 14, 264, 289
0, 14, 264, 289
0, 14, 264, 289
19, 14, 245, 289
19, 14, 245, 289
0, 0, 264, 303
19, 14, 245, 289
19, 14, 245, 289
0, 0, 264, 303
19, 14, 245, 289
249, 303, 15, 0
249, 303, 15, 0
249, 303, 15, 0
249, 303, 15, 0
249, 303, 15, 0
249, 301, 15, 2
249, 301, 15, 2
249, 301, 15, 2
249, 301, 15, 2
249, 301, 15, 2
249, 301, 15, 2
249, 301, 15, 2
249, 301, 15, 2
0, 0, 264, 303
249, 303, 15, 0
249, 303, 15, 0
0, 2, 264, 301
249, 301, 15, 2
80, 12, 184, 291
80, 12, 184, 291
80, 12, 184, 291
80, 12, 184, 291
80, 12, 184, 291
80, 12, 184, 291
72, 12, 192, 291
80, 12, 184, 291
80, 12, 184, 291
0, 0, 264, 303
0, 0, 264, 303
0, 0, 264, 303
0, 0, 264, 303
0, 0, 264, 303
240, 303, 24, 0
240, 303, 24, 0
240, 303, 24, 0
240, 303, 24, 0
240, 303, 24, 0
240, 303, 24, 0
248, 303, 16, 0
248, 303, 16, 0
195, 235, 69, 68
248, 303, 16, 0
248, 303, 16, 0
248, 303, 16, 0
248, 303, 16, 0
45, 54, 219, 249
45, 54, 219, 249
45, 54, 219, 249
45, 53, 219, 250
45, 54, 219, 249
0, 14, 264, 289
0, 14, 264, 289
0, 14, 264, 289
0, 14, 264, 289
0, 14, 264, 289
0, 14, 264, 289
0, 14, 264, 289
0, 14, 264, 289
0, 14, 264, 289
0, 14, 264, 289
0, 14, 264, 289
0, 14, 264, 289
0, 14, 264, 289
0, 14, 264, 289
45, 54, 219, 249
45, 54, 219, 249
45, 54, 219, 249
45, 54, 219, 249
45, 54, 219, 249
45, 54, 219, 249
0, 0, 264, 303
0, 0, 264, 303
0, 0, 264, 303
45, 54, 219, 249
45, 54, 219, 249
0, 0, 264, 303
45, 54, 219, 249
45, 54, 219, 249
45, 54, 219, 249
45, 54, 219, 249
45, 54, 219, 249
45, 54, 219, 249
248, 303, 16, 0
248, 303, 16, 0
248, 303, 16, 0
248, 303, 16, 0
1, 4, 263, 299
248, 303, 16, 0
248, 303, 16, 0
248, 303, 16, 0
0, 33, 264, 270
0, 33, 264, 270
0, 1, 264, 302
0, 33, 264, 270
248, 303, 16, 0
248, 303, 16, 0
47, 23, 217, 280
47, 23, 217, 280
47, 23, 217, 280
47, 23, 217, 280
45, 21, 219, 282
45, 21, 219, 282
47, 23, 217, 280
47, 23, 217, 280
47, 23, 217, 280
248, 303, 16, 0
248, 303, 16, 0
248, 303, 16, 0
248, 303, 16, 0
248, 303, 16, 0
248, 303, 16, 0
0, 0, 264, 303
248, 303, 16, 0
0, 0, 264, 303
248, 303, 16, 0
248, 303, 16, 0
248, 303, 16, 0
248, 303, 16, 0
248, 303, 16, 0
45, 54, 219, 249
45, 54, 219, 249
0, 0, 264, 303
45, 54, 219, 249
45, 54, 219, 249
0, 0, 264, 303
0, 0, 264, 303
0, 0, 264, 303
0, 0, 264, 303
45, 54, 219, 249
0, 0, 264, 303
248, 303, 16, 0
248, 303, 16, 0
0, 0, 264, 303
248, 303, 16, 0
0, 0, 264, 303
248, 303, 16, 0
248, 303, 16, 0
248, 303, 16, 0
248, 303, 16, 0
186, 220, 78, 83
186, 220, 78, 83
186, 221, 78, 82
186, 221, 78, 82
186, 220, 78, 83
186, 220, 78, 83
186, 221, 78, 82
186, 221, 78, 82
186, 221, 78, 82
186, 221, 78, 82
143, 167, 121, 136
143, 167, 121, 136
0, 0, 264, 303
143, 167, 121, 136
0, 0, 264, 303
143, 167, 121, 136
143, 167, 121, 136
143, 167, 121, 136
143, 167, 121, 136
50, 61, 214, 242
50, 61, 214, 242
143, 167, 121, 136
46, 53, 218, 250
46, 53, 218, 250
97, 115, 167, 188
97, 115, 167, 188
97, 115, 167, 188
97, 115, 167, 188
143, 167, 121, 136
143, 167, 121, 136
193, 231, 71, 72
193, 231, 71, 72
0, 0, 264, 303
0, 0, 264, 303
193, 231, 71, 72
193, 231, 71, 72
193, 231, 71, 72
45, 54, 219, 249
45, 54, 219, 249
45, 54, 219, 249
45, 53, 219, 250
45, 53, 219, 250
45, 54, 219, 249
45, 54, 219, 249
45, 54, 219, 249
45, 54, 219, 249
45, 54, 219, 249
45, 54, 219, 249
249, 303, 15, 0
249, 303, 15, 0
0, 1, 264, 302
0, 0, 264, 303
0, 1, 264, 302
0, 1, 264, 302
0, 1, 264, 302
0, 1, 264, 302
0, 1, 264, 302
0, 1, 264, 302
0, 1, 264, 302
0, 1, 264, 302
0, 1, 264, 302
0, 1, 264, 302
249, 303, 15, 0
249, 303, 15, 0
249, 303, 15, 0
249, 303, 15, 0
249, 303, 15, 0
249, 303, 15, 0
249, 303, 15, 0
249, 303, 15, 0
249, 303, 15, 0
249, 303, 15, 0
249, 303, 15, 0
249, 303, 15, 0
248, 294, 16, 9
247, 294, 17, 9
125, 168, 139, 135
249, 303, 15, 0
248, 303, 16, 0
248, 303, 16, 0
248, 303, 16, 0
248, 303, 16, 0
0, 0, 264, 303
248, 303, 16, 0
248, 303, 16, 0
248, 303, 16, 0
249, 303, 15, 0
249, 303, 15, 0
2, 1, 262, 302
2, 1, 262, 302
2, 1, 262, 302
2, 1, 262, 302
2, 1, 262, 302
249, 303, 15, 0
0, 0, 264, 303
249, 303, 15, 0
249, 303, 15, 0
249, 303, 15, 0
249, 303, 15, 0
249, 303, 15, 0
249, 303, 15, 0
249, 303, 15, 0
4, 2, 260, 301
1, 0, 263, 303
3, 2, 261, 301
249, 303, 15, 0
249, 303, 15, 0
0, 0, 264, 303
249, 303, 15, 0
3, 2, 261, 301
3, 2, 261, 301
249, 303, 15, 0
249, 303, 15, 0
249, 303, 15, 0
249, 303, 15, 0
249, 303, 15, 0
249, 303, 15, 0
249, 303, 15, 0
194, 233, 70, 70
194, 233, 70, 70
194, 233, 70, 70
194, 233, 70, 70
194, 233, 70, 70
195, 236, 69, 67
195, 236, 69, 67
195, 236, 69, 67
56, 72, 208, 231
53, 71, 211, 232
3, 2, 261, 301
194, 233, 70, 70
249, 303, 15, 0
249, 303, 15, 0
249, 303, 15, 0
249, 303, 15, 0
249, 303, 15, 0
249, 303, 15, 0
249, 303, 15, 0
51, 66, 213, 237
51, 66, 213, 237
1, 0, 263, 303
51, 66, 213, 237
51, 66, 213, 237
51, 66, 213, 237
0, 0, 264, 303
0, 0, 264, 303
0, 0, 264, 303
0, 0, 264, 303
0, 0, 264, 303
0, 0, 264, 303
0, 0, 264, 303
0, 0, 264, 303
0, 0, 264, 303
0, 0, 264, 303
249, 303, 15, 0
249, 303, 15, 0
249, 303, 15, 0
0, 0, 264, 303
249, 303, 15, 0
249, 303, 15, 0
0, 0, 264, 303
249, 303, 15, 0
249, 303, 15, 0
249, 303, 15, 0
249, 303, 15, 0
249, 303, 15, 0
1, 5, 263, 298
1, 5, 263, 298
150, 278, 114, 25
150, 278, 114, 25
150, 278, 114, 25
150, 278, 114, 25
150, 278, 114, 25
150, 278, 114, 25
150, 278, 114, 25
150, 278, 114, 25
120, 221, 144, 82
120, 221, 144, 82
120, 220, 144, 83
120, 220, 144, 83
120, 220, 144, 83
60, 130, 204, 173
60, 130, 204, 173
60, 130, 204, 173
60, 130, 204, 173
150, 278, 114, 25
150, 278, 114, 25
90, 182, 174, 121
90, 182, 174, 121
0, 3, 264, 300
0, 3, 264, 300
0, 3, 264, 300
150, 278, 114, 25
150, 278, 114, 25
119, 221, 145, 82
61, 129, 203, 174
61, 129, 203, 174
150, 278, 114, 25
150, 278, 114, 25
32, 70, 232, 233
150, 278, 114, 25
150, 278, 114, 25
150, 278, 114, 25
150, 278, 114, 25
150, 278, 114, 25
150, 278, 114, 25
40, 174, 224, 129
110, 104, 154, 199
150, 278, 114, 25
0, 0, 264, 303
150, 278, 114, 25
119, 221, 145, 82
119, 221, 145, 82
119, 221, 145, 82
119, 221, 145, 82
32, 141, 232, 162
32, 141, 232, 162
32, 141, 232, 162
32, 141, 232, 162
87, 80, 177, 223
87, 80, 177, 223
87, 80, 177, 223
119, 221, 145, 82
150, 278, 114, 25
17, 12, 247, 291
17, 12, 247, 291
17, 12, 247, 291
17, 12, 247, 291
17, 12, 247, 291
17, 12, 247, 291
17, 12, 247, 291
17, 12, 247, 291
80, 12, 184, 291
80, 12, 184, 291
80, 12, 184, 291
0, 0, 264, 303
80, 12, 184, 291
80, 12, 184, 291
80, 12, 184, 291
0, 0, 264, 303
80, 12, 184, 291
80, 12, 184, 291
80, 12, 184, 291
56, 4, 208, 299
80, 12, 184, 291
80, 12, 184, 291
8, 2, 256, 301
80, 12, 184, 291
80, 12, 184, 291
80, 12, 184, 291
80, 12, 184, 291
80, 12, 184, 291
80, 12, 184, 291
80, 12, 184, 291
80, 12, 184, 291
48, 7, 216, 296
80, 12, 184, 291
80, 12, 184, 291
48, 7, 216, 296
48, 7, 216, 296
240, 303, 24, 0
240, 303, 24, 0
240, 303, 24, 0
240, 303, 24, 0
240, 303, 24, 0
240, 303, 24, 0
40, 174, 224, 129
40, 174, 224, 129
40, 171, 224, 132
40, 171, 224, 132
40, 174, 224, 129
240, 303, 24, 0
150, 278, 114, 25
150, 278, 114, 25
150, 278, 114, 25
150, 278, 114, 25
9, 9, 255, 294
150, 278, 114, 25
150, 278, 114, 25
150, 278, 114, 25
150, 278, 114, 25
150, 278, 114, 25
150, 278, 114, 25
150, 278, 114, 25
150, 278, 114, 25
150, 278, 114, 25
150, 278, 114, 25
150, 278, 114, 25
150, 278, 114, 25
150, 278, 114, 25
150, 278, 114, 25
150, 278, 114, 25
65, 139, 199, 164
150, 278, 114, 25
150, 278, 114, 25
150, 278, 114, 25
150, 278, 114, 25
150, 278, 114, 25
150, 278, 114, 25
147, 274, 117, 29
147, 274, 117, 29
149, 274, 115, 29
149, 274, 115, 29
149, 274, 115, 29
149, 274, 115, 29
71, 120, 193, 183
71, 120, 193, 183
56, 84, 208, 219
71, 120, 193, 183
0, 0, 264, 303
71, 120, 193, 183
71, 120, 193, 183
53, 98, 211, 205
53, 98, 211, 205
53, 98, 211, 205
53, 98, 211, 205
0, 1, 264, 302
53, 98, 211, 205
137, 238, 127, 65
149, 274, 115, 29
149, 274, 115, 29
149, 274, 115, 29
0, 1, 264, 302
149, 274, 115, 29
149, 274, 115, 29
149, 274, 115, 29
149, 274, 115, 29
149, 274, 115, 29
149, 274, 115, 29
149, 274, 115, 29
149, 274, 115, 29
65, 132, 199, 171
149, 274, 115, 29
150, 278, 114, 25
150, 278, 114, 25
82, 141, 182, 162
150, 278, 114, 25
104, 178, 160, 125
0, 0, 264, 303
150, 278, 114, 25
150, 278, 114, 25
150, 278, 114, 25
150, 278, 114, 25
150, 278, 114, 25
110, 209, 154, 94
110, 209, 154, 94
0, 0, 264, 303
150, 278, 114, 25
150, 278, 114, 25
150, 278, 114, 25
0, 0, 264, 303
0, 0, 264, 303
0, 0, 264, 303
150, 278, 114, 25
150, 278, 114, 25
150, 278, 114, 25
76, 159, 188, 144
150, 278, 114, 25
150, 278, 114, 25
150, 278, 114, 25
150, 278, 114, 25
150, 278, 114, 25
150, 278, 114, 25
150, 278, 114, 25
119, 221, 145, 82
119, 221, 145, 82
119, 221, 145, 82
119, 221, 145, 82
119, 221, 145, 82
0, 0, 264, 303
0, 0, 264, 303
0, 0, 264, 303
119, 221, 145, 82
119, 221, 145, 82
117, 208, 147, 95
119, 221, 145, 82
119, 221, 145, 82
119, 221, 145, 82
32, 141, 232, 162
119, 221, 145, 82
119, 221, 145, 82
119, 221, 145, 82
119, 221, 145, 82
150, 278, 114, 25
150, 278, 114, 25
47, 105, 217, 198
17, 41, 247, 262
47, 105, 217, 198
47, 105, 217, 198
46, 93, 218, 210
47, 105, 217, 198
47, 105, 217, 198
47, 105, 217, 198
47, 105, 217, 198
150, 278, 114, 25
80, 12, 184, 291
80, 12, 184, 291
80, 12, 184, 291
80, 12, 184, 291
80, 12, 184, 291
80, 12, 184, 291
80, 12, 184, 291
80, 12, 184, 291
80, 12, 184, 291
80, 12, 184, 291
80, 12, 184, 291
80, 12, 184, 291
80, 12, 184, 291
150, 278, 114, 25
150, 278, 114, 25
0, 0, 264, 303
150, 278, 114, 25
150, 278, 114, 25
150, 278, 114, 25
150, 278, 114, 25
150, 278, 114, 25
150, 278, 114, 25
150, 278, 114, 25
150, 278, 114, 25
150, 278, 114, 25
150, 278, 114, 25
150, 278, 114, 25
150, 278, 114, 25
150, 278, 114, 25
133, 245, 131, 58
133, 245, 131, 58
150, 278, 114, 25
249, 303, 15, 0
249, 303, 15, 0
0, 0, 264, 303
249, 303, 15, 0
249, 303, 15, 0
248, 303, 16, 0
248, 303, 16, 0
0, 0, 264, 303
0, 0, 264, 303
0, 0, 264, 303
248, 303, 16, 0
249, 303, 15, 0
4, 14, 260, 289
4, 14, 260, 289
4, 14, 260, 289
4, 14, 260, 289
3, 13, 261, 290
3, 13, 261, 290
3, 14, 261, 289
3, 14, 261, 289
3, 14, 261, 289
3, 14, 261, 289
0, 1, 264, 302
0, 1, 264, 302
0, 2, 264, 301
0, 2, 264, 301
0, 2, 264, 301
0, 2, 264, 301
4, 14, 260, 289
4, 14, 260, 289
4, 14, 260, 289
4, 14, 260, 289
0, 2, 264, 301
0, 2, 264, 301
4, 14, 260, 289
1, 7, 263, 296
1, 7, 263, 296
4, 14, 260, 289
4, 7, 260, 296
3, 14, 261, 289
4, 14, 260, 289
0, 2, 264, 301
0, 2, 264, 301
0, 6, 264, 297
0, 6, 264, 297
0, 2, 264, 301
0, 2, 264, 301
3, 14, 261, 289
3, 14, 261, 289
0, 0, 264, 303
249, 303, 15, 0
249, 303, 15, 0
249, 303, 15, 0
249, 303, 15, 0
249, 303, 15, 0
249, 303, 15, 0
249, 303, 15, 0
249, 303, 15, 0
249, 303, 15, 0
249, 303, 15, 0
249, 303, 15, 0
249, 303, 15, 0
249, 303, 15, 0
249, 303, 15, 0
249, 303, 15, 0
249, 303, 15, 0
0, 0, 264, 303
0, 0, 264, 303
0, 0, 264, 303
0, 0, 264, 303
0, 0, 264, 303
0, 0, 264, 303
0, 0, 264, 303
0, 0, 264, 303
0, 0, 264, 303
0, 0, 264, 303
0, 0, 264, 303
0, 0, 264, 303
0, 0, 264, 303
0, 0, 264, 303
0, 0, 264, 303
0, 0, 264, 303
0, 0, 264, 303
0, 0, 264, 303
0, 0, 264, 303
0, 0, 264, 303
249, 303, 15, 0
249, 303, 15, 0
249, 303, 15, 0
249, 303, 15, 0
249, 303, 15, 0
249, 303, 15, 0
249, 303, 15, 0
248, 303, 16, 0
248, 303, 16, 0
249, 303, 15, 0
249, 303, 15, 0
249, 303, 15, 0
249, 303, 15, 0
249, 303, 15, 0
249, 303, 15, 0
0, 0, 264, 303
249, 303, 15, 0
249, 303, 15, 0
249, 303, 15, 0
0, 0, 264, 303
249, 303, 15, 0
248, 303, 16, 0
249, 303, 15, 0
249, 303, 15, 0
249, 303, 15, 0
249, 303, 15, 0
249, 303, 15, 0
249, 303, 15, 0
249, 303, 15, 0
249, 303, 15, 0
249, 303, 15, 0
3, 0, 261, 303
249, 303, 15, 0
249, 303, 15, 0
249, 303, 15, 0
249, 303, 15, 0
249, 303, 15, 0
248, 303, 16, 0
248, 303, 16, 0
248, 303, 16, 0
248, 303, 16, 0
248, 303, 16, 0
248, 303, 16, 0
248, 303, 16, 0
248, 303, 16, 0
0, 3, 264, 300
248, 300, 16, 3
248, 303, 16, 0
248, 303, 16, 0
249, 303, 15, 0
249, 303, 15, 0
249, 303, 15, 0
0, 0, 264, 303
0, 0, 264, 303
249, 303, 15, 0
249, 303, 15, 0
249, 303, 15, 0
249, 303, 15, 0
0, 1, 264, 302
0, 1, 264, 302
1, 6, 263, 297
1, 6, 263, 297
0, 0, 264, 303
0, 0, 264, 303
1, 6, 263, 297
1, 6, 263, 297
0, 0, 264, 303
0, 0, 264, 303
249, 303, 15, 0
249, 303, 15, 0
249, 303, 15, 0
249, 303, 15, 0
249, 303, 15, 0
249, 303, 15, 0
0, 0, 264, 303
0, 0, 264, 303
0, 0, 264, 303
0, 0, 264, 303
0, 0, 264, 303
0, 0, 264, 303
0, 0, 264, 303
0, 0, 264, 303
0, 0, 264, 303
0, 3, 264, 300
0, 3, 264, 300
0, 3, 264, 300
0, 3, 264, 300
0, 3, 264, 300
46, 53, 218, 250
46, 53, 218, 250
46, 53, 218, 250
46, 53, 218, 250
46, 53, 218, 250
46, 53, 218, 250
46, 53, 218, 250
46, 53, 218, 250
0, 0, 264, 303
46, 53, 218, 250
247, 299, 17, 4
247, 299, 17, 4
247, 299, 17, 4
247, 299, 17, 4
247, 299, 17, 4
247, 299, 17, 4
1, 3, 263, 300
1, 3, 263, 300
1, 5, 263, 298
1, 5, 263, 298
1, 5, 263, 298
1, 5, 263, 298
1, 5, 263, 298
0, 0, 264, 303
1, 5, 263, 298
1, 5, 263, 298
3, 0, 261, 303
3, 0, 261, 303
0, 2, 264, 301
0, 2, 264, 301
0, 2, 264, 301
0, 2, 264, 301
1, 5, 263, 298
1, 5, 263, 298
0, 0, 264, 303
0, 0, 264, 303
1, 5, 263, 298
0, 0, 264, 303
1, 5, 263, 298
0, 0, 264, 303
1, 5, 263, 298
1, 5, 263, 298
45, 54, 219, 249
45, 52, 219, 251
45, 54, 219, 249
45, 54, 219, 249
45, 54, 219, 249
0, 2, 264, 301
0, 0, 264, 303
0, 2, 264, 301
0, 2, 264, 301
45, 54, 219, 249
0, 33, 264, 270
0, 33, 264, 270
45, 21, 219, 282
45, 54, 219, 249
45, 54, 219, 249
0, 0, 264, 303
0, 0, 264, 303
47, 54, 217, 249
47, 54, 217, 249
47, 54, 217, 249
47, 54, 217, 249
47, 54, 217, 249
47, 54, 217, 249
0, 0, 264, 303
0, 0, 264, 303
47, 54, 217, 249
0, 0, 264, 303
0, 0, 264, 303
47, 54, 217, 249
0, 31, 264, 272
0, 31, 264, 272
47, 54, 217, 249
47, 54, 217, 249
47, 54, 217, 249
47, 54, 217, 249
247, 300, 17, 3
247, 300, 17, 3
0, 0, 264, 303
0, 0, 264, 303
0, 0, 264, 303
247, 300, 17, 3
143, 167, 121, 136
143, 167, 121, 136
143, 167, 121, 136
247, 300, 17, 3
247, 300, 17, 3
46, 54, 218, 249
0, 0, 264, 303
46, 54, 218, 249
46, 54, 218, 249
1, 2, 263, 301
45, 52, 219, 251
46, 54, 218, 249
46, 54, 218, 249
46, 54, 218, 249
46, 54, 218, 249
239, 287, 25, 16
239, 287, 25, 16
247, 300, 17, 3
247, 300, 17, 3
186, 220, 78, 83
186, 220, 78, 83
186, 220, 78, 83
102, 125, 162, 178
102, 125, 162, 178
102, 125, 162, 178
0, 3, 264, 300
0, 3, 264, 300
0, 3, 264, 300
45, 54, 219, 249
45, 54, 219, 249
0, 0, 264, 303
0, 0, 264, 303
45, 54, 219, 249
0, 0, 264, 303
0, 0, 264, 303
0, 0, 264, 303
0, 0, 264, 303
45, 54, 219, 249
45, 54, 219, 249
45, 53, 219, 250
45, 53, 219, 250
0, 0, 264, 303
0, 0, 264, 303
45, 53, 219, 250
45, 53, 219, 250
45, 53, 219, 250
45, 53, 219, 250
0, 0, 264, 303
0, 0, 264, 303
45, 53, 219, 250
45, 53, 219, 250
97, 113, 167, 190
97, 113, 167, 190
97, 113, 167, 190
97, 113, 167, 190
97, 113, 167, 190
51, 64, 213, 239
97, 113, 167, 190
97, 113, 167, 190
97, 113, 167, 190
97, 113, 167, 190
194, 233, 70, 70
147, 170, 117, 133
194, 233, 70, 70
99, 133, 165, 170
194, 233, 70, 70
194, 233, 70, 70
194, 233, 70, 70
50, 65, 214, 238
50, 65, 214, 238
50, 65, 214, 238
145, 167, 119, 136
145, 167, 119, 136
98, 84, 166, 219
98, 84, 166, 219
243, 291, 21, 12
243, 291, 21, 12
0, 0, 264, 303
243, 291, 21, 12
242, 291, 22, 12
191, 232, 73, 71
191, 232, 73, 71
100, 114, 164, 189
100, 114, 164, 189
100, 114, 164, 189
100, 129, 164, 174
0, 3, 264, 300
0, 0, 264, 303
0, 3, 264, 300
0, 0, 264, 303
100, 129, 164, 174
2, 0, 262, 303
100, 129, 164, 174
100, 129, 164, 174
100, 129, 164, 174
100, 129, 164, 174
100, 129, 164, 174
100, 129, 164, 174
192, 220, 72, 83
0, 0, 264, 303
192, 220, 72, 83
192, 220, 72, 83
192, 220, 72, 83
192, 220, 72, 83
192, 220, 72, 83
194, 233, 70, 70
194, 233, 70, 70
194, 233, 70, 70
194, 233, 70, 70
145, 167, 119, 136
0, 0, 264, 303
145, 167, 119, 136
145, 167, 119, 136
145, 167, 119, 136
145, 167, 119, 136
249, 303, 15, 0
249, 303, 15, 0
249, 303, 15, 0
249, 303, 15, 0
249, 303, 15, 0
249, 303, 15, 0
242, 289, 22, 14
249, 303, 15, 0
249, 303, 15, 0
3, 0, 261, 303
3, 0, 261, 303
3, 0, 261, 303
3, 0, 261, 303
3, 0, 261, 303
3, 0, 261, 303
2, 0, 262, 303
0, 0, 264, 303
2, 0, 262, 303
3, 0, 261, 303
3, 0, 261, 303
3, 0, 261, 303
3, 0, 261, 303
3, 0, 261, 303
3, 0, 261, 303
3, 0, 261, 303
3, 0, 261, 303
3, 0, 261, 303
3, 0, 261, 303
0, 0, 264, 303
3, 0, 261, 303
3, 0, 261, 303
3, 0, 261, 303
3, 0, 261, 303
0, 0, 264, 303
0, 0, 264, 303
0, 0, 264, 303
0, 0, 264, 303
3, 0, 261, 303
0, 0, 264, 303
3, 0, 261, 303
0, 0, 264, 303
3, 0, 261, 303
3, 0, 261, 303
3, 0, 261, 303
248, 303, 16, 0
248, 303, 16, 0
0, 0, 264, 303
0, 0, 264, 303
248, 303, 16, 0
0, 0, 264, 303
0, 0, 264, 303
0, 0, 264, 303
0, 0, 264, 303
0, 0, 264, 303
1, 5, 263, 298
1, 5, 263, 298
1, 5, 263, 298
0, 1, 264, 302
1, 5, 263, 298
1, 5, 263, 298
1, 5, 263, 298
1, 5, 263, 298
1, 5, 263, 298
1, 5, 263, 298
1, 5, 263, 298
2, 0, 262, 303
2, 0, 262, 303
2, 0, 262, 303
2, 0, 262, 303
6, 0, 258, 303
6, 0, 258, 303
6, 0, 258, 303
6, 0, 258, 303
0, 0, 264, 303
0, 0, 264, 303
0, 0, 264, 303
0, 1, 264, 302
0, 1, 264, 302
0, 1, 264, 302
0, 1, 264, 302
6, 1, 258, 302
6, 1, 258, 302
6, 1, 258, 302
0, 40, 264, 263
0, 40, 264, 263
0, 39, 264, 264
0, 39, 264, 264
0, 40, 264, 263
6, 40, 258, 263
6, 40, 258, 263
6, 40, 258, 263
3, 0, 261, 303
3, 0, 261, 303
249, 303, 15, 0
249, 303, 15, 0
249, 303, 15, 0
249, 303, 15, 0
249, 303, 15, 0
249, 303, 15, 0
0, 0, 264, 303
249, 303, 15, 0
249, 303, 15, 0
249, 303, 15, 0
0, 0, 264, 303
249, 303, 15, 0
249, 303, 15, 0
249, 303, 15, 0
249, 303, 15, 0
249, 303, 15, 0
249, 303, 15, 0
249, 303, 15, 0
249, 303, 15, 0
249, 303, 15, 0
249, 303, 15, 0
249, 303, 15, 0
249, 303, 15, 0
249, 303, 15, 0
249, 303, 15, 0
249, 303, 15, 0
249, 303, 15, 0
249, 303, 15, 0
249, 303, 15, 0
249, 303, 15, 0
249, 303, 15, 0
249, 303, 15, 0
249, 303, 15, 0
249, 303, 15, 0
249, 303, 15, 0
249, 303, 15, 0
249, 303, 15, 0
249, 303, 15, 0
249, 303, 15, 0
249, 303, 15, 0
249, 303, 15, 0
5, 2, 259, 301
5, 2, 259, 301
50, 61, 214, 242
50, 61, 214, 242
0, 1, 264, 302
1, 6, 263, 297
48, 67, 216, 236
48, 67, 216, 236
48, 67, 216, 236
48, 67, 216, 236
48, 67, 216, 236
1, 6, 263, 297
249, 303, 15, 0
249, 303, 15, 0
249, 303, 15, 0
249, 303, 15, 0
249, 303, 15, 0
249, 303, 15, 0
0, 0, 264, 303
0, 0, 264, 303
0, 0, 264, 303
0, 0, 264, 303
0, 0, 264, 303
0, 0, 264, 303
0, 0, 264, 303
0, 0, 264, 303
0, 0, 264, 303
0, 0, 264, 303
0, 0, 264, 303
0, 0, 264, 303
0, 0, 264, 303
0, 0, 264, 303
0, 0, 264, 303
0, 0, 264, 303
0, 0, 264, 303
0, 0, 264, 303
0, 0, 264, 303
0, 0, 264, 303
51, 66, 213, 237
51, 66, 213, 237
51, 66, 213, 237
51, 66, 213, 237
1, 6, 263, 297
53, 72, 211, 231
53, 72, 211, 231
1, 6, 263, 297
0, 0, 264, 303
0, 0, 264, 303
50, 61, 214, 242
50, 61, 214, 242
50, 61, 214, 242
50, 61, 214, 242
0, 0, 264, 303
0, 0, 264, 303
0, 0, 264, 303
0, 0, 264, 303
48, 67, 216, 236
48, 67, 216, 236
0, 0, 264, 303
0, 0, 264, 303
0, 0, 264, 303
0, 0, 264, 303
53, 69, 211, 234
53, 69, 211, 234
53, 69, 211, 234
53, 69, 211, 234
53, 69, 211, 234
5, 2, 259, 301
53, 69, 211, 234
51, 66, 213, 237
51, 66, 213, 237
51, 66, 213, 237
51, 66, 213, 237
0, 0, 264, 303
51, 66, 213, 237
51, 66, 213, 237
51, 66, 213, 237
51, 66, 213, 237
51, 66, 213, 237
0, 0, 264, 303
51, 66, 213, 237
51, 66, 213, 237
51, 66, 213, 237
0, 0, 264, 303
0, 0, 264, 303
0, 0, 264, 303
0, 0, 264, 303
0, 0, 264, 303
0, 0, 264, 303
0, 0, 264, 303
0, 0, 264, 303
0, 0, 264, 303
0, 0, 264, 303
0, 0, 264, 303
0, 0, 264, 303
0, 0, 264, 303
0, 0, 264, 303
0, 0, 264, 303
0, 0, 264, 303
0, 0, 264, 303
0, 0, 264, 303
0, 0, 264, 303
0, 0, 264, 303
249, 302, 15, 1
249, 302, 15, 1
249, 302, 15, 1
249, 302, 15, 1
0, 0, 264, 303
249, 302, 15, 1
0, 0, 264, 303
0, 0, 264, 303
249, 303, 15, 0
249, 303, 15, 0
0, 1, 264, 302
0, 1, 264, 302
0, 1, 264, 302
58, 68, 206, 235
58, 68, 206, 235
0, 1, 264, 302
0, 1, 264, 302
0, 1, 264, 302
0, 1, 264, 302
0, 1, 264, 302
0, 1, 264, 302
0, 1, 264, 302
1, 5, 263, 298
46, 53, 218, 250
145, 167, 119, 136
45, 54, 219, 249
45, 54, 219, 249
45, 54, 219, 249
45, 54, 219, 249
0, 0, 264, 303
0, 0, 264, 303
47, 54, 217, 249
47, 54, 217, 249
47, 54, 217, 249
47, 54, 217, 249
0, 0, 264, 303
0, 0, 264, 303
0, 0, 264, 303
1, 4, 263, 299
247, 300, 17, 3
247, 300, 17, 3
247, 300, 17, 3
247, 300, 17, 3
2, 9, 262, 294
2, 9, 262, 294
2, 9, 262, 294
2, 9, 262, 294
2, 9, 262, 294
1, 5, 263, 298
54, 64, 210, 239
54, 64, 210, 239
54, 64, 210, 239
194, 233, 70, 70
194, 233, 70, 70
50, 65, 214, 238
0, 0, 264, 303
50, 65, 214, 238
50, 65, 214, 238
50, 65, 214, 238
194, 233, 70, 70
194, 233, 70, 70
194, 233, 70, 70
194, 233, 70, 70
51, 66, 213, 237
51, 66, 213, 237
51, 66, 213, 237
2, 0, 262, 303
51, 66, 213, 237
51, 66, 213, 237
0, 35, 264, 268
0, 35, 264, 268
0, 0, 264, 303
51, 31, 213, 272
51, 31, 213, 272
51, 31, 213, 272
51, 66, 213, 237
242, 288, 22, 15
241, 289, 23, 14
0, 2, 264, 301
1, 5, 263, 298
0, 0, 264, 303
0, 0, 264, 303
0, 0, 264, 303
0, 0, 264, 303
1, 5, 263, 298
0, 0, 264, 303
0, 0, 264, 303
0, 0, 264, 303
145, 167, 119, 136
145, 167, 119, 136
0, 0, 264, 303
0, 0, 264, 303
0, 0, 264, 303
0, 0, 264, 303
100, 114, 164, 189
100, 114, 164, 189
100, 114, 164, 189
100, 114, 164, 189
0, 0, 264, 303
0, 0, 264, 303
0, 0, 264, 303
0, 0, 264, 303
190, 231, 74, 72
100, 129, 164, 174
100, 129, 164, 174
100, 129, 164, 174
100, 129, 164, 174
192, 230, 72, 73
194, 233, 70, 70
0, 0, 264, 303
0, 0, 264, 303
0, 0, 264, 303
45, 54, 219, 249
45, 54, 219, 249
45, 54, 219, 249
45, 54, 219, 249
0, 0, 264, 303
0, 0, 264, 303
0, 0, 264, 303
0, 0, 264, 303
0, 0, 264, 303
0, 0, 264, 303
0, 0, 264, 303
0, 0, 264, 303
0, 0, 264, 303
0, 0, 264, 303
0, 0, 264, 303
0, 0, 264, 303
0, 0, 264, 303
0, 0, 264, 303
0, 0, 264, 303
4, 3, 260, 300
4, 3, 260, 300
4, 3, 260, 300
1, 4, 263, 299
1, 4, 263, 299
1, 4, 263, 299
0, 1, 264, 302
0, 1, 264, 302
0, 1, 264, 302
0, 1, 264, 302
0, 1, 264, 302
0, 1, 264, 302
0, 0, 264, 303
0, 1, 264, 302
0, 1, 264, 302
0, 1, 264, 302
53, 69, 211, 234
53, 69, 211, 234
53, 69, 211, 234
53, 69, 211, 234
247, 300, 17, 3
247, 300, 17, 3
247, 300, 17, 3
247, 300, 17, 3
52, 64, 212, 239
52, 64, 212, 239
2, 3, 262, 300
2, 3, 262, 300
238, 287, 26, 16
238, 287, 26, 16
248, 302, 16, 1
248, 302, 16, 1
248, 302, 16, 1
248, 302, 16, 1
248, 302, 16, 1
248, 302, 16, 1
0, 0, 264, 303
0, 0, 264, 303
52, 64, 212, 239
52, 64, 212, 239
0, 0, 264, 303
52, 64, 212, 239
52, 64, 212, 239
0, 0, 264, 303
0, 0, 264, 303
52, 64, 212, 239
52, 64, 212, 239
0, 0, 264, 303
0, 0, 264, 303
238, 287, 26, 16
238, 287, 26, 16
237, 285, 27, 18
237, 285, 27, 18
0, 0, 264, 303
0, 0, 264, 303
238, 287, 26, 16
238, 287, 26, 16
0, 0, 264, 303
0, 0, 264, 303
0, 0, 264, 303
0, 0, 264, 303
104, 120, 160, 183
104, 120, 160, 183
1, 4, 263, 299
1, 4, 263, 299
1, 4, 263, 299
48, 64, 216, 239
48, 64, 216, 239
48, 64, 216, 239
0, 0, 264, 303
0, 0, 264, 303
0, 0, 264, 303
0, 0, 264, 303
194, 238, 70, 65
249, 303, 15, 0
249, 303, 15, 0
249, 303, 15, 0
249, 303, 15, 0
249, 303, 15, 0
249, 303, 15, 0
249, 303, 15, 0
0, 0, 264, 303
0, 0, 264, 303
0, 0, 264, 303
0, 0, 264, 303
0, 0, 264, 303
0, 0, 264, 303
0, 0, 264, 303
0, 0, 264, 303
0, 0, 264, 303
0, 0, 264, 303
249, 303, 15, 0
242, 303, 22, 0
242, 303, 22, 0
242, 303, 22, 0
242, 303, 22, 0
242, 303, 22, 0
0, 1, 264, 302
0, 1, 264, 302
0, 1, 264, 302
249, 303, 15, 0
249, 303, 15, 0
249, 303, 15, 0
249, 303, 15, 0
249, 303, 15, 0
194, 239, 70, 64
194, 239, 70, 64
194, 239, 70, 64
194, 239, 70, 64
194, 239, 70, 64
0, 1, 264, 302
0, 0, 264, 303
249, 303, 15, 0
249, 303, 15, 0
249, 303, 15, 0
249, 303, 15, 0
249, 303, 15, 0
0, 0, 264, 303
249, 303, 15, 0
0, 0, 264, 303
0, 0, 264, 303
0, 0, 264, 303
249, 303, 15, 0
249, 303, 15, 0
249, 303, 15, 0
249, 303, 15, 0
194, 239, 70, 64
249, 303, 15, 0
249, 303, 15, 0
0, 0, 264, 303
0, 0, 264, 303
0, 0, 264, 303
0, 0, 264, 303
0, 0, 264, 303
0, 0, 264, 303
0, 0, 264, 303
0, 0, 264, 303
249, 303, 15, 0
249, 303, 15, 0
249, 303, 15, 0
249, 303, 15, 0
242, 303, 22, 0
242, 303, 22, 0
242, 303, 22, 0
194, 239, 70, 64
194, 239, 70, 64
249, 303, 15, 0
249, 303, 15, 0
249, 303, 15, 0
249, 303, 15, 0
249, 303, 15, 0
249, 303, 15, 0
249, 303, 15, 0
249, 303, 15, 0
249, 303, 15, 0
249, 303, 15, 0
249, 303, 15, 0
249, 303, 15, 0
194, 240, 70, 63
194, 240, 70, 63
0, 2, 264, 301
0, 2, 264, 301
194, 240, 70, 63
2, 8, 262, 295
2, 8, 262, 295
0, 1, 264, 302
194, 240, 70, 63
249, 303, 15, 0
0, 0, 264, 303
0, 0, 264, 303
0, 0, 264, 303
0, 0, 264, 303
0, 0, 264, 303
0, 0, 264, 303
0, 0, 264, 303
0, 0, 264, 303
0, 0, 264, 303
0, 0, 264, 303
0, 0, 264, 303
0, 0, 264, 303
0, 0, 264, 303
52, 71, 212, 232
52, 71, 212, 232
52, 71, 212, 232
52, 71, 212, 232
0, 0, 264, 303
0, 0, 264, 303
0, 0, 264, 303
0, 0, 264, 303
0, 0, 264, 303
0, 0, 264, 303
0, 0, 264, 303
0, 0, 264, 303
0, 0, 264, 303
0, 0, 264, 303
52, 71, 212, 232
2, 9, 262, 294
52, 71, 212, 232
52, 71, 212, 232
52, 71, 212, 232
50, 65, 214, 238
50, 65, 214, 238
50, 65, 214, 238
0, 0, 264, 303
0, 0, 264, 303
0, 0, 264, 303
0, 0, 264, 303
0, 0, 264, 303
0, 0, 264, 303
0, 0, 264, 303
0, 0, 264, 303
0, 0, 264, 303
0, 0, 264, 303
0, 0, 264, 303
0, 0, 264, 303
0, 0, 264, 303
50, 65, 214, 238
50, 65, 214, 238
50, 65, 214, 238
50, 65, 214, 238
242, 303, 22, 0
242, 303, 22, 0
0, 0, 264, 303
242, 303, 22, 0
242, 303, 22, 0
242, 303, 22, 0
0, 0, 264, 303
0, 0, 264, 303
0, 0, 264, 303
0, 0, 264, 303
0, 0, 264, 303
0, 0, 264, 303
0, 0, 264, 303
0, 0, 264, 303
0, 0, 264, 303
0, 0, 264, 303
249, 303, 15, 0
249, 303, 15, 0
249, 303, 15, 0
249, 303, 15, 0
249, 303, 15, 0
249, 303, 15, 0
249, 303, 15, 0
249, 303, 15, 0
249, 303, 15, 0
0, 0, 264, 303
249, 303, 15, 0
249, 303, 15, 0
249, 303, 15, 0
0, 0, 264, 303
249, 303, 15, 0
249, 303, 15, 0
0, 0, 264, 303
0, 0, 264, 303
0, 0, 264, 303
0, 0, 264, 303
0, 0, 264, 303
0, 0, 264, 303
249, 303, 15, 0
249, 303, 15, 0
249, 303, 15, 0
249, 303, 15, 0
249, 303, 15, 0
249, 303, 15, 0
249, 303, 15, 0
249, 303, 15, 0
249, 303, 15, 0
249, 303, 15, 0
249, 303, 15, 0
0, 0, 264, 303
0, 0, 264, 303
0, 0, 264, 303
0, 0, 264, 303
0, 0, 264, 303
0, 0, 264, 303
0, 0, 264, 303
0, 0, 264, 303
0, 0, 264, 303
0, 0, 264, 303
0, 0, 264, 303
0, 0, 264, 303
0, 0, 264, 303
0, 0, 264, 303
0, 0, 264, 303
0, 0, 264, 303
0, 0, 264, 303
0, 0, 264, 303
0, 0, 264, 303
0, 0, 264, 303
0, 0, 264, 303
0, 0, 264, 303
264, 303, 0, 0
264, 303, 0, 0
19, 14, 245, 289
19, 14, 245, 289
240, 303, 24, 0
240, 303, 24, 0
240, 303, 24, 0
242, 303, 22, 0
242, 303, 22, 0
0, 1, 264, 302
0, 1, 264, 302
242, 303, 22, 0
251, 303, 13, 0
251, 303, 13, 0
251, 303, 13, 0
251, 303, 13, 0
251, 303, 13, 0
1, 0, 263, 303
0, 0, 264, 303
0, 0, 264, 303
250, 303, 14, 0
264, 303, 0, 0
264, 303, 0, 0
19, 14, 245, 289
19, 14, 245, 289
240, 303, 24, 0
240, 303, 24, 0
240, 303, 24, 0
