1576
18, 549, 0, 0
18, 549, 0, 0
18, 549, 0, 0
18, 549, 0, 0
18, 549, 0, 0
3, 549, 15, 0
0, 543, 18, 6
0, 543, 18, 6
0, 543, 18, 6
0, 6, 18, 543
0, 543, 18, 6
0, 1, 18, 548
0, 543, 18, 6
0, 543, 18, 6
0, 0, 18, 549
15, 549, 3, 0
15, 549, 3, 0
0, 2, 18, 547
0, 0, 18, 549
0, 2, 18, 547
0, 0, 18, 549
15, 549, 3, 0
5, 6, 13, 543
0, 0, 18, 549
5, 6, 13, 543
0, 0, 18, 549
5, 6, 13, 543
0, 0, 18, 549
15, 549, 3, 0
0, 5, 18, 544
0, 0, 18, 549
0, 5, 18, 544
0, 0, 18, 549
0, 5, 18, 544
0, 5, 18, 544
0, 0, 18, 549
0, 5, 18, 544
0, 0, 18, 549
15, 549, 3, 0
2, 7, 16, 542
2, 7, 16, 542
2, 7, 16, 542
0, 0, 18, 549
2, 7, 16, 542
0, 3, 18, 546
2, 7, 16, 542
0, 2, 18, 547
2, 7, 16, 542
0, 2, 18, 547
2, 7, 16, 542
0, 2, 18, 547
2, 7, 16, 542
0, 2, 18, 547
2, 7, 16, 542
0, 0, 18, 549
2, 7, 16, 542
0, 2, 18, 547
2, 7, 16, 542
0, 2, 18, 547
2, 7, 16, 542
2, 7, 16, 542
2, 7, 16, 542
0, 2, 18, 547
2, 7, 16, 542
2, 1, 16, 548
2, 7, 16, 542
0, 6, 18, 543
2, 7, 16, 542
0, 2, 18, 547
2, 7, 16, 542
1, 3, 17, 546
2, 7, 16, 542
0, 1, 18, 548
2, 6, 16, 543
2, 7, 16, 542
2, 7, 16, 542
2, 1, 16, 548
2, 7, 16, 542
1, 0, 17, 549
2, 7, 16, 542
1, 0, 17, 549
2, 7, 16, 542
2, 6, 16, 543
2, 7, 16, 542
2, 6, 16, 543
2, 7, 16, 542
2, 0, 16, 549
2, 7, 16, 542
0, 1, 18, 548
2, 7, 16, 542
0, 0, 18, 549
2, 7, 16, 542
2, 7, 16, 542
2, 7, 16, 542
2, 7, 16, 542
2, 7, 16, 542
2, 0, 16, 549
0, 7, 18, 542
0, 0, 18, 549
0, 7, 18, 542
2, 7, 16, 542
0, 0, 18, 549
2, 7, 16, 542
2, 7, 16, 542
2, 7, 16, 542
2, 0, 16, 549
0, 7, 18, 542
2, 7, 16, 542
2, 7, 16, 542
2, 7, 16, 542
1, 0, 17, 549
1, 0, 17, 549
1, 7, 17, 542
1, 7, 17, 542
1, 7, 17, 542
1, 7, 17, 542
1, 7, 17, 542
1, 7, 17, 542
1, 7, 17, 542
2, 7, 16, 542
2, 6, 16, 543
2, 6, 16, 543
2, 7, 16, 542
2, 6, 16, 543
2, 6, 16, 543
2, 7, 16, 542
2, 7, 16, 542
2, 7, 16, 542
15, 549, 3, 0
18, 549, 0, 0
18, 549, 0, 0
18, 549, 0, 0
18, 549, 0, 0
18, 549, 0, 0
18, 549, 0, 0
18, 549, 0, 0
18, 549, 0, 0
18, 549, 0, 0
18, 549, 0, 0
18, 549, 0, 0
18, 549, 0, 0
18, 549, 0, 0
18, 549, 0, 0
18, 549, 0, 0
18, 549, 0, 0
18, 549, 0, 0
18, 549, 0, 0
0, 0, 18, 549
18, 549, 0, 0
18, 549, 0, 0
18, 549, 0, 0
17, 533, 1, 16
17, 533, 1, 16
17, 533, 1, 16
0, 0, 18, 549
0, 0, 18, 549
0, 2, 18, 547
0, 2, 18, 547
0, 2, 18, 547
0, 5, 18, 544
0, 5, 18, 544
0, 1, 18, 548
9, 469, 9, 80
1, 0, 17, 549
8, 469, 10, 80
8, 469, 10, 80
8, 469, 10, 80
8, 469, 10, 80
8, 469, 10, 80
8, 469, 10, 80
8, 466, 10, 83
2, 241, 16, 308
2, 241, 16, 308
2, 241, 16, 308
2, 241, 16, 308
3, 12, 15, 537
3, 12, 15, 537
5, 13, 13, 536
5, 13, 13, 536
3, 160, 15, 389
3, 160, 15, 389
2, 240, 16, 309
2, 240, 16, 309
1, 0, 17, 549
7, 469, 11, 80
0, 252, 18, 297
0, 252, 18, 297
4, 80, 14, 469
4, 80, 14, 469
4, 80, 14, 469
0, 80, 18, 469
0, 80, 18, 469
0, 80, 18, 469
1, 0, 17, 549
1, 0, 17, 549
1, 2, 17, 547
1, 2, 17, 547
1, 2, 17, 547
0, 3, 18, 546
0, 3, 18, 546
1, 162, 17, 387
1, 162, 17, 387
0, 3, 18, 546
0, 3, 18, 546
0, 1, 18, 548
1, 3, 17, 546
1, 0, 17, 549
0, 3, 18, 546
0, 3, 18, 546
3, 11, 15, 538
3, 11, 15, 538
2, 2, 16, 547
1, 0, 17, 549
1, 2, 17, 547
1, 2, 17, 547
0, 3, 18, 546
0, 3, 18, 546
0, 3, 18, 546
0, 3, 18, 546
7, 15, 11, 534
7, 15, 11, 534
2, 7, 16, 542
2, 7, 16, 542
1, 0, 17, 549
1, 0, 17, 549
0, 3, 18, 546
0, 3, 18, 546
1, 2, 17, 547
1, 2, 17, 547
1, 2, 17, 547
0, 2, 18, 547
0, 2, 18, 547
0, 2, 18, 547
1, 0, 17, 549
1, 0, 17, 549
1, 0, 17, 549
13, 533, 5, 16
11, 549, 7, 0
10, 545, 8, 4
6, 74, 12, 475
4, 471, 14, 78
11, 549, 7, 0
10, 545, 8, 4
7, 115, 11, 434
3, 430, 15, 119
11, 549, 7, 0
1, 162, 17, 387
0, 0, 18, 549
1, 162, 17, 387
1, 0, 17, 549
0, 162, 18, 387
0, 162, 18, 387
0, 162, 18, 387
10, 549, 8, 0
3, 0, 15, 549
7, 549, 11, 0
1, 0, 17, 549
6, 549, 12, 0
1, 0, 17, 549
5, 549, 13, 0
0, 0, 18, 549
5, 549, 13, 0
5, 546, 13, 3
0, 0, 18, 549
5, 546, 13, 3
5, 546, 13, 3
5, 546, 13, 3
5, 546, 13, 3
0, 0, 18, 549
5, 546, 13, 3
5, 549, 13, 0
5, 549, 13, 0
5, 549, 13, 0
4, 549, 14, 0
0, 5, 18, 544
0, 5, 18, 544
0, 0, 18, 549
4, 544, 14, 5
4, 549, 14, 0
4, 549, 14, 0
4, 549, 14, 0
1, 0, 17, 549
3, 549, 15, 0
0, 1, 18, 548
0, 1, 18, 548
0, 1, 18, 548
0, 1, 18, 548
0, 1, 18, 548
0, 1, 18, 548
0, 1, 18, 548
0, 1, 18, 548
0, 1, 18, 548
0, 1, 18, 548
0, 1, 18, 548
0, 1, 18, 548
0, 1, 18, 548
0, 1, 18, 548
0, 1, 18, 548
3, 549, 15, 0
3, 549, 15, 0
3, 549, 15, 0
3, 549, 15, 0
3, 549, 15, 0
3, 549, 15, 0
3, 549, 15, 0
3, 549, 15, 0
3, 549, 15, 0
3, 549, 15, 0
3, 549, 15, 0
1, 301, 17, 248
1, 301, 17, 248
1, 301, 17, 248
1, 301, 17, 248
1, 301, 17, 248
2, 248, 16, 301
2, 248, 16, 301
2, 248, 16, 301
3, 549, 15, 0
3, 549, 15, 0
3, 549, 15, 0
3, 549, 15, 0
3, 549, 15, 0
3, 549, 15, 0
0, 0, 18, 549
0, 0, 18, 549
2, 549, 16, 0
0, 6, 18, 543
2, 543, 16, 6
0, 162, 18, 387
2, 381, 16, 168
0, 0, 18, 549
2, 543, 16, 6
0, 162, 18, 387
2, 381, 16, 168
0, 0, 18, 549
2, 543, 16, 6
2, 10, 16, 539
0, 2, 18, 547
0, 2, 18, 547
2, 10, 16, 539
0, 1, 18, 548
0, 1, 18, 548
0, 1, 18, 548
0, 0, 18, 549
2, 10, 16, 539
2, 3, 16, 546
2, 10, 16, 539
0, 1, 18, 548
2, 543, 16, 6
2, 167, 16, 382
2, 543, 16, 6
0, 33, 18, 516
2, 543, 16, 6
2, 0, 16, 549
2, 0, 16, 549
0, 0, 18, 549
0, 543, 18, 6
0, 467, 18, 82
0, 76, 18, 473
0, 543, 18, 6
0, 0, 18, 549
0, 0, 18, 549
0, 0, 18, 549
0, 543, 18, 6
0, 92, 18, 457
0, 451, 18, 98
0, 451, 18, 98
0, 543, 18, 6
0, 169, 18, 380
0, 543, 18, 6
0, 252, 18, 297
0, 543, 18, 6
0, 162, 18, 387
0, 162, 18, 387
0, 162, 18, 387
0, 381, 18, 168
0, 381, 18, 168
0, 543, 18, 6
0, 0, 18, 549
0, 543, 18, 6
0, 162, 18, 387
0, 381, 18, 168
0, 381, 18, 168
0, 543, 18, 6
0, 295, 18, 254
0, 248, 18, 301
0, 543, 18, 6
0, 543, 18, 6
0, 543, 18, 6
0, 295, 18, 254
0, 543, 18, 6
3, 549, 15, 0
3, 549, 15, 0
3, 549, 15, 0
3, 549, 15, 0
3, 549, 15, 0
3, 549, 15, 0
3, 549, 15, 0
3, 549, 15, 0
3, 549, 15, 0
3, 549, 15, 0
3, 549, 15, 0
3, 549, 15, 0
3, 549, 15, 0
3, 549, 15, 0
3, 549, 15, 0
3, 549, 15, 0
3, 549, 15, 0
3, 549, 15, 0
3, 549, 15, 0
3, 549, 15, 0
3, 549, 15, 0
3, 549, 15, 0
3, 549, 15, 0
3, 549, 15, 0
3, 549, 15, 0
3, 549, 15, 0
3, 549, 15, 0
3, 549, 15, 0
3, 549, 15, 0
3, 549, 15, 0
3, 549, 15, 0
3, 549, 15, 0
3, 549, 15, 0
3, 549, 15, 0
3, 549, 15, 0
3, 549, 15, 0
3, 549, 15, 0
3, 549, 15, 0
3, 549, 15, 0
3, 549, 15, 0
3, 549, 15, 0
3, 549, 15, 0
3, 549, 15, 0
3, 549, 15, 0
2, 0, 16, 549
2, 0, 16, 549
2, 0, 16, 549
2, 0, 16, 549
2, 0, 16, 549
2, 0, 16, 549
2, 0, 16, 549
2, 0, 16, 549
2, 0, 16, 549
2, 0, 16, 549
2, 0, 16, 549
2, 0, 16, 549
2, 0, 16, 549
2, 0, 16, 549
2, 0, 16, 549
2, 0, 16, 549
2, 0, 16, 549
2, 0, 16, 549
2, 0, 16, 549
2, 0, 16, 549
2, 0, 16, 549
2, 0, 16, 549
2, 0, 16, 549
2, 0, 16, 549
2, 0, 16, 549
2, 0, 16, 549
2, 0, 16, 549
2, 0, 16, 549
2, 0, 16, 549
2, 0, 16, 549
2, 0, 16, 549
2, 0, 16, 549
2, 0, 16, 549
2, 0, 16, 549
2, 428, 16, 121
2, 428, 16, 121
2, 428, 16, 121
2, 428, 16, 121
2, 428, 16, 121
2, 425, 16, 124
0, 3, 18, 546
2, 428, 16, 121
2, 428, 16, 121
0, 2, 18, 547
0, 2, 18, 547
0, 2, 18, 547
2, 428, 16, 121
2, 428, 16, 121
2, 549, 16, 0
2, 549, 16, 0
0, 2, 18, 547
0, 2, 18, 547
0, 2, 18, 547
0, 2, 18, 547
0, 2, 18, 547
2, 549, 16, 0
2, 549, 16, 0
2, 428, 16, 121
2, 549, 16, 0
2, 549, 16, 0
2, 549, 16, 0
2, 549, 16, 0
2, 549, 16, 0
2, 549, 16, 0
0, 4, 18, 545
0, 4, 18, 545
0, 4, 18, 545
0, 4, 18, 545
0, 4, 18, 545
0, 4, 18, 545
0, 4, 18, 545
0, 4, 18, 545
0, 4, 18, 545
0, 4, 18, 545
0, 4, 18, 545
0, 4, 18, 545
0, 4, 18, 545
0, 543, 18, 6
0, 543, 18, 6
0, 514, 18, 35
0, 514, 18, 35
0, 4, 18, 545
0, 4, 18, 545
0, 4, 18, 545
0, 4, 18, 545
0, 543, 18, 6
0, 33, 18, 516
0, 33, 18, 516
0, 33, 18, 516
0, 33, 18, 516
0, 33, 18, 516
0, 33, 18, 516
0, 33, 18, 516
0, 33, 18, 516
0, 33, 18, 516
0, 33, 18, 516
0, 33, 18, 516
0, 4, 18, 545
0, 4, 18, 545
0, 4, 18, 545
0, 4, 18, 545
0, 4, 18, 545
0, 4, 18, 545
0, 4, 18, 545
0, 4, 18, 545
0, 4, 18, 545
0, 4, 18, 545
0, 4, 18, 545
0, 4, 18, 545
0, 4, 18, 545
0, 4, 18, 545
0, 4, 18, 545
0, 4, 18, 545
0, 4, 18, 545
0, 4, 18, 545
0, 4, 18, 545
0, 4, 18, 545
0, 4, 18, 545
0, 4, 18, 545
0, 4, 18, 545
0, 4, 18, 545
0, 4, 18, 545
0, 4, 18, 545
0, 4, 18, 545
0, 4, 18, 545
0, 4, 18, 545
0, 4, 18, 545
0, 4, 18, 545
0, 4, 18, 545
0, 543, 18, 6
0, 543, 18, 6
0, 543, 18, 6
0, 543, 18, 6
0, 543, 18, 6
0, 543, 18, 6
0, 543, 18, 6
0, 543, 18, 6
0, 543, 18, 6
0, 543, 18, 6
0, 543, 18, 6
0, 543, 18, 6
0, 543, 18, 6
0, 543, 18, 6
0, 543, 18, 6
0, 543, 18, 6
0, 543, 18, 6
0, 543, 18, 6
0, 543, 18, 6
0, 543, 18, 6
0, 543, 18, 6
0, 543, 18, 6
0, 543, 18, 6
0, 543, 18, 6
0, 543, 18, 6
0, 543, 18, 6
0, 0, 18, 549
0, 543, 18, 6
0, 543, 18, 6
0, 543, 18, 6
0, 543, 18, 6
0, 1, 18, 548
0, 1, 18, 548
0, 1, 18, 548
0, 1, 18, 548
0, 1, 18, 548
0, 1, 18, 548
0, 1, 18, 548
0, 1, 18, 548
0, 1, 18, 548
0, 1, 18, 548
0, 1, 18, 548
0, 0, 18, 549
0, 1, 18, 548
0, 543, 18, 6
0, 543, 18, 6
0, 543, 18, 6
0, 543, 18, 6
0, 543, 18, 6
0, 543, 18, 6
0, 543, 18, 6
0, 543, 18, 6
0, 543, 18, 6
0, 543, 18, 6
0, 14, 18, 535
0, 14, 18, 535
0, 543, 18, 6
0, 543, 18, 6
0, 198, 18, 351
0, 198, 18, 351
0, 0, 18, 549
0, 0, 18, 549
0, 0, 18, 549
0, 0, 18, 549
0, 0, 18, 549
0, 198, 18, 351
0, 196, 18, 353
0, 543, 18, 6
0, 92, 18, 457
0, 92, 18, 457
0, 92, 18, 457
0, 92, 18, 457
0, 451, 18, 98
0, 23, 18, 526
0, 22, 18, 527
0, 1, 18, 548
0, 23, 18, 526
0, 23, 18, 526
0, 23, 18, 526
0, 23, 18, 526
0, 23, 18, 526
0, 543, 18, 6
0, 543, 18, 6
0, 543, 18, 6
0, 543, 18, 6
0, 543, 18, 6
0, 543, 18, 6
0, 543, 18, 6
0, 543, 18, 6
0, 543, 18, 6
0, 543, 18, 6
0, 543, 18, 6
0, 543, 18, 6
0, 0, 18, 549
0, 543, 18, 6
0, 451, 18, 98
0, 0, 18, 549
0, 451, 18, 98
0, 451, 18, 98
0, 451, 18, 98
0, 543, 18, 6
0, 543, 18, 6
0, 543, 18, 6
0, 543, 18, 6
0, 543, 18, 6
0, 543, 18, 6
0, 543, 18, 6
0, 543, 18, 6
0, 543, 18, 6
0, 14, 18, 535
0, 543, 18, 6
0, 543, 18, 6
0, 543, 18, 6
0, 543, 18, 6
0, 543, 18, 6
0, 543, 18, 6
0, 543, 18, 6
0, 543, 18, 6
0, 543, 18, 6
0, 543, 18, 6
0, 543, 18, 6
0, 543, 18, 6
0, 33, 18, 516
0, 543, 18, 6
0, 543, 18, 6
0, 14, 18, 535
0, 543, 18, 6
0, 543, 18, 6
0, 543, 18, 6
0, 483, 18, 66
0, 483, 18, 66
0, 483, 18, 66
0, 13, 18, 536
0, 483, 18, 66
0, 483, 18, 66
0, 483, 18, 66
0, 483, 18, 66
0, 543, 18, 6
0, 543, 18, 6
0, 543, 18, 6
0, 543, 18, 6
0, 0, 18, 549
0, 0, 18, 549
0, 543, 18, 6
0, 543, 18, 6
0, 543, 18, 6
0, 196, 18, 353
0, 196, 18, 353
0, 543, 18, 6
0, 23, 18, 526
0, 23, 18, 526
0, 23, 18, 526
0, 23, 18, 526
0, 23, 18, 526
0, 23, 18, 526
0, 23, 18, 526
0, 520, 18, 29
0, 92, 18, 457
0, 428, 18, 121
0, 428, 18, 121
0, 428, 18, 121
0, 428, 18, 121
0, 428, 18, 121
0, 428, 18, 121
0, 428, 18, 121
0, 428, 18, 121
0, 428, 18, 121
0, 543, 18, 6
0, 23, 18, 526
0, 520, 18, 29
0, 428, 18, 121
0, 428, 18, 121
0, 428, 18, 121
0, 428, 18, 121
0, 428, 18, 121
0, 543, 18, 6
0, 543, 18, 6
0, 543, 18, 6
0, 543, 18, 6
0, 543, 18, 6
0, 543, 18, 6
0, 543, 18, 6
0, 543, 18, 6
0, 543, 18, 6
0, 543, 18, 6
0, 543, 18, 6
0, 543, 18, 6
0, 543, 18, 6
0, 543, 18, 6
0, 2, 18, 547
0, 543, 18, 6
0, 543, 18, 6
0, 543, 18, 6
0, 543, 18, 6
0, 2, 18, 547
0, 114, 18, 435
0, 543, 18, 6
0, 1, 18, 548
0, 543, 18, 6
0, 543, 18, 6
0, 543, 18, 6
0, 543, 18, 6
0, 543, 18, 6
0, 543, 18, 6
0, 543, 18, 6
0, 543, 18, 6
0, 543, 18, 6
0, 543, 18, 6
0, 169, 18, 380
0, 374, 18, 175
0, 543, 18, 6
0, 543, 18, 6
0, 169, 18, 380
0, 169, 18, 380
0, 169, 18, 380
0, 169, 18, 380
0, 169, 18, 380
0, 169, 18, 380
0, 169, 18, 380
0, 374, 18, 175
0, 374, 18, 175
0, 374, 18, 175
0, 374, 18, 175
0, 374, 18, 175
0, 374, 18, 175
0, 374, 18, 175
0, 543, 18, 6
0, 543, 18, 6
0, 543, 18, 6
0, 543, 18, 6
0, 543, 18, 6
0, 543, 18, 6
0, 543, 18, 6
0, 543, 18, 6
0, 543, 18, 6
0, 543, 18, 6
0, 543, 18, 6
0, 543, 18, 6
0, 543, 18, 6
0, 543, 18, 6
0, 209, 18, 340
0, 209, 18, 340
0, 0, 18, 549
0, 209, 18, 340
0, 209, 18, 340
0, 209, 18, 340
0, 209, 18, 340
0, 543, 18, 6
0, 417, 18, 132
0, 417, 18, 132
0, 417, 18, 132
0, 1, 18, 548
0, 417, 18, 132
0, 416, 18, 133
0, 417, 18, 132
0, 417, 18, 132
0, 417, 18, 132
0, 543, 18, 6
0, 0, 18, 549
0, 543, 18, 6
0, 533, 18, 16
0, 533, 18, 16
0, 543, 18, 6
0, 543, 18, 6
0, 543, 18, 6
0, 543, 18, 6
0, 543, 18, 6
0, 543, 18, 6
0, 543, 18, 6
0, 543, 18, 6
0, 543, 18, 6
0, 543, 18, 6
0, 543, 18, 6
0, 543, 18, 6
0, 543, 18, 6
0, 0, 18, 549
0, 543, 18, 6
0, 533, 18, 16
0, 533, 18, 16
0, 533, 18, 16
0, 543, 18, 6
0, 543, 18, 6
0, 543, 18, 6
0, 543, 18, 6
0, 543, 18, 6
0, 543, 18, 6
0, 543, 18, 6
0, 209, 18, 340
0, 209, 18, 340
0, 0, 18, 549
0, 209, 18, 340
0, 209, 18, 340
0, 543, 18, 6
0, 543, 18, 6
0, 417, 18, 132
0, 417, 18, 132
0, 417, 18, 132
0, 1, 18, 548
0, 417, 18, 132
0, 543, 18, 6
0, 295, 18, 254
0, 295, 18, 254
0, 295, 18, 254
0, 295, 18, 254
0, 295, 18, 254
0, 228, 18, 321
0, 228, 18, 321
0, 228, 18, 321
0, 228, 18, 321
0, 228, 18, 321
0, 295, 18, 254
0, 295, 18, 254
0, 375, 18, 174
0, 375, 18, 174
0, 375, 18, 174
0, 375, 18, 174
0, 375, 18, 174
0, 375, 18, 174
0, 375, 18, 174
0, 375, 18, 174
0, 549, 18, 0
0, 549, 18, 0
0, 549, 18, 0
0, 476, 18, 73
0, 476, 18, 73
0, 3, 18, 546
0, 476, 18, 73
0, 476, 18, 73
0, 476, 18, 73
0, 476, 18, 73
0, 472, 18, 77
0, 471, 18, 78
0, 4, 18, 545
0, 471, 18, 78
0, 471, 18, 78
0, 334, 18, 215
0, 471, 18, 78
0, 471, 18, 78
0, 471, 18, 78
0, 471, 18, 78
0, 471, 18, 78
0, 471, 18, 78
0, 466, 18, 83
0, 466, 18, 83
0, 450, 18, 99
0, 466, 18, 83
0, 472, 18, 77
0, 476, 18, 73
0, 467, 18, 82
0, 467, 18, 82
0, 476, 18, 73
0, 476, 18, 73
0, 471, 18, 78
0, 549, 18, 0
0, 539, 18, 10
0, 539, 18, 10
0, 537, 18, 12
0, 539, 18, 10
0, 539, 18, 10
0, 539, 18, 10
0, 539, 18, 10
0, 539, 18, 10
0, 543, 18, 6
0, 543, 18, 6
0, 543, 18, 6
0, 543, 18, 6
0, 543, 18, 6
0, 543, 18, 6
0, 0, 18, 549
0, 0, 18, 549
0, 543, 18, 6
0, 543, 18, 6
0, 543, 18, 6
0, 171, 18, 378
0, 372, 18, 177
0, 92, 18, 457
0, 280, 18, 269
0, 372, 18, 177
0, 372, 18, 177
0, 372, 18, 177
0, 372, 18, 177
0, 372, 18, 177
0, 372, 18, 177
0, 543, 18, 6
0, 543, 18, 6
0, 171, 18, 378
0, 372, 18, 177
0, 372, 18, 177
0, 372, 18, 177
0, 372, 18, 177
0, 372, 18, 177
0, 113, 18, 436
0, 259, 18, 290
0, 372, 18, 177
0, 372, 18, 177
0, 372, 18, 177
0, 372, 18, 177
0, 92, 18, 457
0, 92, 18, 457
0, 92, 18, 457
0, 92, 18, 457
0, 92, 18, 457
0, 0, 18, 549
0, 92, 18, 457
0, 0, 18, 549
0, 92, 18, 457
0, 92, 18, 457
0, 92, 18, 457
0, 92, 18, 457
0, 92, 18, 457
0, 92, 18, 457
0, 92, 18, 457
0, 92, 18, 457
0, 92, 18, 457
0, 92, 18, 457
0, 92, 18, 457
0, 92, 18, 457
0, 92, 18, 457
0, 92, 18, 457
0, 92, 18, 457
0, 92, 18, 457
0, 92, 18, 457
0, 92, 18, 457
0, 92, 18, 457
0, 92, 18, 457
0, 92, 18, 457
0, 92, 18, 457
0, 92, 18, 457
0, 92, 18, 457
0, 92, 18, 457
0, 92, 18, 457
0, 92, 18, 457
0, 92, 18, 457
0, 92, 18, 457
0, 40, 18, 509
0, 92, 18, 457
0, 295, 18, 254
0, 295, 18, 254
0, 295, 18, 254
0, 295, 18, 254
0, 3, 18, 546
0, 295, 18, 254
0, 295, 18, 254
0, 295, 18, 254
0, 295, 18, 254
0, 14, 18, 535
0, 14, 18, 535
0, 14, 18, 535
0, 14, 18, 535
0, 14, 18, 535
0, 14, 18, 535
0, 14, 18, 535
0, 295, 18, 254
0, 543, 18, 6
0, 543, 18, 6
0, 92, 18, 457
0, 451, 18, 98
0, 23, 18, 526
0, 428, 18, 121
0, 169, 18, 380
0, 169, 18, 380
0, 169, 18, 380
0, 169, 18, 380
0, 169, 18, 380
0, 169, 18, 380
0, 169, 18, 380
0, 169, 18, 380
0, 169, 18, 380
0, 169, 18, 380
0, 169, 18, 380
0, 33, 18, 516
0, 33, 18, 516
0, 33, 18, 516
0, 33, 18, 516
0, 33, 18, 516
0, 33, 18, 516
0, 33, 18, 516
0, 33, 18, 516
0, 33, 18, 516
0, 33, 18, 516
0, 33, 18, 516
0, 33, 18, 516
0, 33, 18, 516
0, 33, 18, 516
0, 33, 18, 516
0, 33, 18, 516
0, 33, 18, 516
0, 33, 18, 516
0, 33, 18, 516
0, 33, 18, 516
0, 31, 18, 518
0, 31, 18, 518
0, 31, 18, 518
0, 33, 18, 516
0, 33, 18, 516
0, 33, 18, 516
0, 33, 18, 516
0, 33, 18, 516
0, 33, 18, 516
0, 33, 18, 516
0, 33, 18, 516
0, 33, 18, 516
0, 33, 18, 516
0, 33, 18, 516
0, 33, 18, 516
0, 33, 18, 516
0, 136, 18, 413
0, 136, 18, 413
0, 136, 18, 413
0, 136, 18, 413
0, 136, 18, 413
0, 136, 18, 413
0, 169, 18, 380
0, 169, 18, 380
0, 169, 18, 380
0, 169, 18, 380
0, 169, 18, 380
0, 169, 18, 380
0, 169, 18, 380
0, 259, 18, 290
0, 543, 18, 6
0, 23, 18, 526
0, 23, 18, 526
0, 23, 18, 526
0, 23, 18, 526
0, 23, 18, 526
0, 23, 18, 526
0, 23, 18, 526
0, 23, 18, 526
0, 1, 18, 548
0, 23, 18, 526
0, 23, 18, 526
0, 1, 18, 548
0, 23, 18, 526
0, 428, 18, 121
0, 428, 18, 121
0, 428, 18, 121
0, 428, 18, 121
0, 428, 18, 121
0, 428, 18, 121
0, 428, 18, 121
0, 428, 18, 121
0, 214, 18, 335
0, 214, 18, 335
0, 214, 18, 335
0, 214, 18, 335
0, 214, 18, 335
0, 428, 18, 121
0, 428, 18, 121
0, 428, 18, 121
0, 428, 18, 121
0, 543, 18, 6
0, 543, 18, 6
0, 543, 18, 6
0, 543, 18, 6
0, 23, 18, 526
0, 23, 18, 526
0, 23, 18, 526
0, 21, 18, 528
0, 21, 18, 528
0, 21, 18, 528
0, 23, 18, 526
0, 23, 18, 526
0, 21, 18, 528
0, 23, 18, 526
0, 23, 18, 526
0, 23, 18, 526
0, 520, 18, 29
0, 92, 18, 457
0, 92, 18, 457
0, 92, 18, 457
0, 92, 18, 457
0, 92, 18, 457
0, 92, 18, 457
0, 92, 18, 457
0, 92, 18, 457
0, 92, 18, 457
0, 92, 18, 457
0, 92, 18, 457
0, 92, 18, 457
0, 92, 18, 457
0, 92, 18, 457
0, 92, 18, 457
0, 92, 18, 457
0, 92, 18, 457
0, 428, 18, 121
0, 428, 18, 121
0, 428, 18, 121
0, 428, 18, 121
0, 428, 18, 121
0, 428, 18, 121
0, 428, 18, 121
0, 428, 18, 121
0, 428, 18, 121
0, 426, 18, 123
0, 2, 18, 547
0, 428, 18, 121
0, 1, 18, 548
0, 1, 18, 548
0, 543, 18, 6
0, 543, 18, 6
0, 543, 18, 6
0, 347, 18, 202
0, 295, 18, 254
0, 52, 18, 497
0, 450, 18, 99
0, 543, 18, 6
0, 196, 18, 353
0, 174, 18, 375
0, 196, 18, 353
0, 196, 18, 353
0, 196, 18, 353
0, 543, 18, 6
0, 23, 18, 526
0, 520, 18, 29
0, 92, 18, 457
0, 428, 18, 121
0, 543, 18, 6
0, 196, 18, 353
0, 196, 18, 353
0, 196, 18, 353
0, 196, 18, 353
0, 196, 18, 353
0, 196, 18, 353
0, 543, 18, 6
0, 115, 18, 434
0, 543, 18, 6
0, 169, 18, 380
0, 543, 18, 6
0, 543, 18, 6
0, 543, 18, 6
0, 543, 18, 6
0, 372, 18, 177
0, 543, 18, 6
0, 543, 18, 6
0, 196, 18, 353
0, 196, 18, 353
0, 347, 18, 202
0, 1, 18, 548
0, 1, 18, 548
0, 1, 18, 548
0, 346, 18, 203
0, 92, 18, 457
0, 92, 18, 457
0, 92, 18, 457
0, 92, 18, 457
0, 92, 18, 457
0, 92, 18, 457
0, 254, 18, 295
0, 254, 18, 295
0, 254, 18, 295
0, 99, 18, 450
0, 254, 18, 295
0, 254, 18, 295
0, 543, 18, 6
0, 113, 18, 436
0, 113, 18, 436
0, 113, 18, 436
0, 113, 18, 436
0, 113, 18, 436
0, 113, 18, 436
0, 113, 18, 436
0, 543, 18, 6
0, 543, 18, 6
0, 543, 18, 6
0, 92, 18, 457
0, 451, 18, 98
0, 451, 18, 98
0, 81, 18, 468
0, 81, 18, 468
0, 81, 18, 468
0, 81, 18, 468
0, 451, 18, 98
0, 169, 18, 380
0, 169, 18, 380
0, 543, 18, 6
0, 428, 18, 121
0, 428, 18, 121
0, 428, 18, 121
0, 428, 18, 121
0, 428, 18, 121
0, 428, 18, 121
0, 169, 18, 380
0, 169, 18, 380
0, 169, 18, 380
0, 169, 18, 380
0, 169, 18, 380
0, 169, 18, 380
0, 169, 18, 380
0, 169, 18, 380
0, 169, 18, 380
0, 169, 18, 380
0, 169, 18, 380
0, 169, 18, 380
0, 7, 18, 542
0, 169, 18, 380
0, 169, 18, 380
0, 169, 18, 380
0, 169, 18, 380
0, 33, 18, 516
0, 169, 18, 380
0, 169, 18, 380
0, 7, 18, 542
0, 7, 18, 542
0, 7, 18, 542
0, 7, 18, 542
0, 169, 18, 380
0, 169, 18, 380
0, 259, 18, 290
0, 259, 18, 290
0, 259, 18, 290
0, 259, 18, 290
0, 428, 18, 121
0, 428, 18, 121
0, 169, 18, 380
0, 428, 18, 121
0, 428, 18, 121
0, 428, 18, 121
0, 428, 18, 121
0, 6, 18, 543
0, 428, 18, 121
0, 428, 18, 121
0, 169, 18, 380
0, 428, 18, 121
0, 428, 18, 121
0, 254, 18, 295
0, 428, 18, 121
0, 214, 18, 335
0, 13, 18, 536
0, 214, 18, 335
0, 214, 18, 335
0, 214, 18, 335
0, 13, 18, 536
0, 214, 18, 335
0, 214, 18, 335
0, 428, 18, 121
0, 428, 18, 121
0, 428, 18, 121
0, 428, 18, 121
0, 428, 18, 121
0, 428, 18, 121
0, 428, 18, 121
0, 428, 18, 121
0, 428, 18, 121
0, 340, 18, 209
0, 340, 18, 209
0, 428, 18, 121
0, 428, 18, 121
0, 428, 18, 121
0, 340, 18, 209
0, 340, 18, 209
0, 428, 18, 121
0, 428, 18, 121
0, 428, 18, 121
0, 428, 18, 121
0, 428, 18, 121
0, 428, 18, 121
0, 428, 18, 121
0, 428, 18, 121
0, 428, 18, 121
0, 428, 18, 121
0, 428, 18, 121
0, 428, 18, 121
0, 428, 18, 121
0, 428, 18, 121
0, 227, 18, 322
0, 428, 18, 121
0, 428, 18, 121
0, 428, 18, 121
0, 543, 18, 6
0, 543, 18, 6
0, 543, 18, 6
0, 543, 18, 6
0, 543, 18, 6
0, 543, 18, 6
0, 543, 18, 6
0, 543, 18, 6
0, 543, 18, 6
0, 543, 18, 6
0, 543, 18, 6
0, 543, 18, 6
0, 543, 18, 6
0, 543, 18, 6
0, 167, 18, 382
0, 167, 18, 382
0, 376, 18, 173
0, 543, 18, 6
0, 543, 18, 6
0, 162, 18, 387
0, 162, 18, 387
0, 162, 18, 387
0, 162, 18, 387
0, 162, 18, 387
0, 543, 18, 6
0, 543, 18, 6
0, 543, 18, 6
0, 543, 18, 6
0, 92, 18, 457
0, 92, 18, 457
0, 92, 18, 457
0, 92, 18, 457
0, 92, 18, 457
0, 92, 18, 457
0, 92, 18, 457
0, 40, 18, 509
0, 52, 18, 497
0, 92, 18, 457
0, 92, 18, 457
0, 92, 18, 457
0, 543, 18, 6
0, 92, 18, 457
0, 451, 18, 98
0, 23, 18, 526
0, 428, 18, 121
0, 543, 18, 6
0, 372, 18, 177
0, 372, 18, 177
0, 372, 18, 177
0, 543, 18, 6
0, 196, 18, 353
0, 196, 18, 353
0, 196, 18, 353
0, 0, 18, 549
0, 196, 18, 353
0, 196, 18, 353
0, 543, 18, 6
0, 252, 18, 297
0, 252, 18, 297
0, 252, 18, 297
0, 252, 18, 297
0, 251, 18, 298
0, 252, 18, 297
0, 543, 18, 6
0, 169, 18, 380
0, 169, 18, 380
0, 169, 18, 380
0, 169, 18, 380
0, 169, 18, 380
0, 33, 18, 516
0, 33, 18, 516
0, 33, 18, 516
0, 33, 18, 516
0, 33, 18, 516
0, 33, 18, 516
0, 169, 18, 380
0, 169, 18, 380
0, 169, 18, 380
0, 169, 18, 380
0, 169, 18, 380
0, 33, 18, 516
0, 33, 18, 516
0, 33, 18, 516
0, 169, 18, 380
0, 169, 18, 380
0, 169, 18, 380
0, 374, 18, 175
0, 374, 18, 175
0, 374, 18, 175
0, 374, 18, 175
0, 543, 18, 6
0, 167, 18, 382
0, 167, 18, 382
0, 167, 18, 382
0, 167, 18, 382
0, 167, 18, 382
0, 376, 18, 173
0, 376, 18, 173
0, 543, 18, 6
0, 543, 18, 6
0, 162, 18, 387
0, 162, 18, 387
0, 162, 18, 387
0, 162, 18, 387
0, 162, 18, 387
0, 381, 18, 168
0, 543, 18, 6
0, 543, 18, 6
0, 543, 18, 6
0, 543, 18, 6
0, 240, 18, 309
0, 240, 18, 309
0, 303, 18, 246
0, 303, 18, 246
0, 303, 18, 246
0, 303, 18, 246
0, 303, 18, 246
0, 303, 18, 246
0, 303, 18, 246
0, 303, 18, 246
0, 303, 18, 246
0, 543, 18, 6
0, 543, 18, 6
0, 543, 18, 6
0, 543, 18, 6
0, 543, 18, 6
0, 167, 18, 382
0, 167, 18, 382
0, 167, 18, 382
0, 167, 18, 382
0, 167, 18, 382
0, 167, 18, 382
0, 167, 18, 382
0, 167, 18, 382
0, 543, 18, 6
0, 543, 18, 6
0, 543, 18, 6
0, 543, 18, 6
0, 543, 18, 6
0, 543, 18, 6
0, 543, 18, 6
0, 543, 18, 6
0, 543, 18, 6
0, 162, 18, 387
0, 162, 18, 387
0, 162, 18, 387
0, 162, 18, 387
0, 162, 18, 387
0, 162, 18, 387
0, 162, 18, 387
0, 162, 18, 387
0, 162, 18, 387
0, 162, 18, 387
0, 162, 18, 387
0, 162, 18, 387
0, 162, 18, 387
0, 543, 18, 6
0, 543, 18, 6
0, 252, 18, 297
0, 252, 18, 297
0, 252, 18, 297
0, 252, 18, 297
0, 252, 18, 297
0, 252, 18, 297
0, 252, 18, 297
0, 252, 18, 297
0, 252, 18, 297
0, 252, 18, 297
0, 252, 18, 297
0, 252, 18, 297
0, 252, 18, 297
0, 252, 18, 297
0, 252, 18, 297
0, 252, 18, 297
0, 252, 18, 297
0, 252, 18, 297
0, 252, 18, 297
0, 252, 18, 297
0, 252, 18, 297
0, 252, 18, 297
0, 252, 18, 297
0, 252, 18, 297
0, 252, 18, 297
0, 252, 18, 297
0, 252, 18, 297
0, 252, 18, 297
0, 252, 18, 297
0, 252, 18, 297
0, 252, 18, 297
0, 543, 18, 6
0, 543, 18, 6
0, 543, 18, 6
0, 543, 18, 6
0, 543, 18, 6
0, 543, 18, 6
0, 537, 18, 12
0, 537, 18, 12
0, 537, 18, 12
0, 543, 18, 6
0, 537, 18, 12
0, 537, 18, 12
0, 537, 18, 12
0, 543, 18, 6
0, 543, 18, 6
0, 543, 18, 6
0, 115, 18, 434
0, 428, 18, 121
0, 1, 18, 548
0, 1, 18, 548
0, 427, 18, 122
0, 543, 18, 6
0, 543, 18, 6
0, 543, 18, 6
0, 99, 18, 450
0, 543, 18, 6
0, 543, 18, 6
0, 543, 18, 6
0, 543, 18, 6
0, 543, 18, 6
0, 543, 18, 6
0, 543, 18, 6
0, 543, 18, 6
0, 543, 18, 6
0, 162, 18, 387
0, 162, 18, 387
0, 162, 18, 387
0, 162, 18, 387
0, 543, 18, 6
0, 543, 18, 6
0, 543, 18, 6
0, 112, 18, 437
0, 543, 18, 6
3, 549, 15, 0
3, 549, 15, 0
3, 549, 15, 0
0, 5, 18, 544
0, 5, 18, 544
3, 549, 15, 0
3, 549, 15, 0
3, 549, 15, 0
18, 549, 0, 0
18, 549, 0, 0
0, 0, 18, 549
18, 549, 0, 0
18, 549, 0, 0
0, 0, 18, 549
18, 549, 0, 0
0, 5, 18, 544
0, 5, 18, 544
0, 5, 18, 544
0, 0, 18, 549
0, 5, 18, 544
0, 5, 18, 544
2, 5, 16, 544
2, 5, 16, 544
2, 5, 16, 544
0, 0, 18, 549
2, 5, 16, 544
2, 5, 16, 544
0, 543, 18, 6
0, 543, 18, 6
0, 543, 18, 6
0, 543, 18, 6
0, 543, 18, 6
0, 543, 18, 6
0, 543, 18, 6
0, 543, 18, 6
3, 545, 15, 4
3, 545, 15, 4
0, 0, 18, 549
3, 545, 15, 4
1, 0, 17, 549
2, 545, 16, 4
0, 4, 18, 545
0, 4, 18, 545
3, 549, 15, 0
3, 549, 15, 0
3, 549, 15, 0
3, 549, 15, 0
0, 0, 18, 549
3, 549, 15, 0
3, 549, 15, 0
2, 425, 16, 124
2, 425, 16, 124
2, 425, 16, 124
2, 425, 16, 124
2, 425, 16, 124
2, 315, 16, 234
2, 315, 16, 234
2, 315, 16, 234
2, 315, 16, 234
2, 315, 16, 234
2, 315, 16, 234
2, 315, 16, 234
0, 4, 18, 545
2, 314, 16, 235
2, 312, 16, 237
0, 0, 18, 549
0, 0, 18, 549
2, 313, 16, 236
2, 313, 16, 236
2, 313, 16, 236
2, 315, 16, 234
0, 543, 18, 6
0, 543, 18, 6
0, 538, 18, 11
0, 543, 18, 6
0, 543, 18, 6
0, 543, 18, 6
0, 543, 18, 6
0, 538, 18, 11
0, 538, 18, 11
0, 538, 18, 11
0, 533, 18, 16
0, 533, 18, 16
0, 538, 18, 11
0, 538, 18, 11
15, 0, 3, 549
15, 0, 3, 549
15, 0, 3, 549
0, 0, 18, 549
0, 0, 18, 549
0, 0, 18, 549
0, 0, 18, 549
1, 0, 17, 549
1, 0, 17, 549
1, 0, 17, 549
0, 0, 18, 549
3, 0, 15, 549
3, 0, 15, 549
3, 0, 15, 549
0, 0, 18, 549
0, 1, 18, 548
0, 1, 18, 548
0, 1, 18, 548
0, 1, 18, 548
0, 1, 18, 548
0, 1, 18, 548
0, 1, 18, 548
0, 1, 18, 548
0, 1, 18, 548
3, 549, 15, 0
3, 549, 15, 0
3, 546, 15, 3
3, 546, 15, 3
0, 540, 18, 9
3, 546, 15, 3
3, 549, 15, 0
3, 549, 15, 0
3, 549, 15, 0
3, 549, 15, 0
3, 549, 15, 0
3, 549, 15, 0
3, 549, 15, 0
3, 549, 15, 0
3, 549, 15, 0
3, 549, 15, 0
3, 549, 15, 0
3, 549, 15, 0
0, 23, 18, 526
0, 23, 18, 526
0, 23, 18, 526
0, 23, 18, 526
0, 23, 18, 526
0, 23, 18, 526
0, 23, 18, 526
0, 23, 18, 526
0, 23, 18, 526
0, 23, 18, 526
0, 516, 18, 33
0, 516, 18, 33
0, 486, 18, 63
0, 486, 18, 63
0, 516, 18, 33
0, 516, 18, 33
0, 511, 18, 38
0, 516, 18, 33
0, 516, 18, 33
0, 516, 18, 33
0, 99, 18, 450
0, 99, 18, 450
0, 99, 18, 450
0, 99, 18, 450
2, 222, 16, 327
2, 222, 16, 327
0, 1, 18, 548
0, 1, 18, 548
2, 216, 16, 333
0, 1, 18, 548
2, 117, 16, 432
0, 4, 18, 545
0, 1, 18, 548
0, 5, 18, 544
0, 5, 18, 544
0, 5, 18, 544
0, 5, 18, 544
0, 5, 18, 544
0, 5, 18, 544
0, 5, 18, 544
0, 5, 18, 544
0, 1, 18, 548
0, 1, 18, 548
0, 1, 18, 548
0, 1, 18, 548
0, 1, 18, 548
0, 1, 18, 548
0, 1, 18, 548
0, 1, 18, 548
0, 100, 18, 449
0, 5, 18, 544
0, 5, 18, 544
0, 5, 18, 544
1, 15, 17, 534
1, 15, 17, 534
1, 15, 17, 534
0, 14, 18, 535
0, 14, 18, 535
0, 15, 18, 534
0, 14, 18, 535
0, 15, 18, 534
0, 14, 18, 535
0, 15, 18, 534
1, 15, 17, 534
1, 15, 17, 534
0, 14, 18, 535
0, 14, 18, 535
0, 14, 18, 535
0, 14, 18, 535
0, 14, 18, 535
0, 33, 18, 516
0, 33, 18, 516
0, 0, 18, 549
0, 33, 18, 516
0, 33, 18, 516
0, 0, 18, 549
0, 33, 18, 516
3, 549, 15, 0
3, 549, 15, 0
3, 549, 15, 0
3, 549, 15, 0
3, 549, 15, 0
3, 547, 15, 2
3, 547, 15, 2
3, 547, 15, 2
3, 547, 15, 2
3, 547, 15, 2
3, 547, 15, 2
3, 547, 15, 2
3, 547, 15, 2
0, 0, 18, 549
3, 549, 15, 0
3, 549, 15, 0
0, 2, 18, 547
3, 547, 15, 2
0, 92, 18, 457
0, 92, 18, 457
0, 92, 18, 457
0, 92, 18, 457
0, 92, 18, 457
0, 92, 18, 457
0, 84, 18, 465
0, 92, 18, 457
0, 92, 18, 457
0, 0, 18, 549
0, 0, 18, 549
0, 0, 18, 549
0, 0, 18, 549
0, 0, 18, 549
0, 543, 18, 6
0, 543, 18, 6
0, 543, 18, 6
0, 543, 18, 6
0, 543, 18, 6
0, 543, 18, 6
2, 549, 16, 0
2, 549, 16, 0
2, 428, 16, 121
2, 549, 16, 0
2, 549, 16, 0
2, 549, 16, 0
2, 549, 16, 0
0, 99, 18, 450
0, 99, 18, 450
0, 99, 18, 450
0, 98, 18, 451
0, 99, 18, 450
0, 14, 18, 535
0, 14, 18, 535
0, 14, 18, 535
0, 14, 18, 535
0, 14, 18, 535
0, 14, 18, 535
0, 14, 18, 535
0, 14, 18, 535
0, 14, 18, 535
0, 14, 18, 535
0, 14, 18, 535
0, 14, 18, 535
0, 14, 18, 535
0, 14, 18, 535
0, 99, 18, 450
0, 99, 18, 450
0, 99, 18, 450
0, 99, 18, 450
0, 99, 18, 450
0, 99, 18, 450
0, 0, 18, 549
0, 0, 18, 549
0, 0, 18, 549
0, 99, 18, 450
0, 99, 18, 450
0, 0, 18, 549
0, 99, 18, 450
0, 99, 18, 450
0, 99, 18, 450
0, 99, 18, 450
0, 99, 18, 450
0, 99, 18, 450
2, 549, 16, 0
2, 549, 16, 0
2, 549, 16, 0
2, 549, 16, 0
0, 5, 18, 544
2, 549, 16, 0
2, 549, 16, 0
2, 549, 16, 0
0, 33, 18, 516
0, 33, 18, 516
0, 1, 18, 548
0, 33, 18, 516
2, 549, 16, 0
2, 549, 16, 0
0, 70, 18, 479
0, 70, 18, 479
0, 70, 18, 479
0, 70, 18, 479
0, 66, 18, 483
0, 66, 18, 483
0, 70, 18, 479
0, 70, 18, 479
0, 70, 18, 479
2, 549, 16, 0
2, 549, 16, 0
2, 549, 16, 0
2, 549, 16, 0
2, 549, 16, 0
2, 549, 16, 0
0, 0, 18, 549
2, 549, 16, 0
0, 0, 18, 549
2, 549, 16, 0
2, 549, 16, 0
2, 549, 16, 0
2, 549, 16, 0
2, 549, 16, 0
0, 99, 18, 450
0, 99, 18, 450
0, 0, 18, 549
0, 99, 18, 450
0, 99, 18, 450
0, 0, 18, 549
0, 0, 18, 549
0, 0, 18, 549
0, 0, 18, 549
0, 99, 18, 450
0, 0, 18, 549
2, 549, 16, 0
2, 549, 16, 0
0, 0, 18, 549
2, 549, 16, 0
0, 0, 18, 549
2, 549, 16, 0
2, 549, 16, 0
2, 549, 16, 0
2, 549, 16, 0
0, 406, 18, 143
0, 406, 18, 143
0, 407, 18, 142
0, 407, 18, 142
0, 406, 18, 143
0, 406, 18, 143
0, 407, 18, 142
0, 407, 18, 142
0, 407, 18, 142
0, 407, 18, 142
0, 310, 18, 239
0, 310, 18, 239
0, 0, 18, 549
0, 310, 18, 239
0, 0, 18, 549
0, 310, 18, 239
0, 310, 18, 239
0, 310, 18, 239
0, 310, 18, 239
0, 111, 18, 438
0, 111, 18, 438
0, 310, 18, 239
0, 99, 18, 450
0, 99, 18, 450
0, 212, 18, 337
0, 212, 18, 337
0, 212, 18, 337
0, 212, 18, 337
0, 310, 18, 239
0, 310, 18, 239
2, 422, 16, 127
2, 422, 16, 127
0, 0, 18, 549
0, 0, 18, 549
2, 422, 16, 127
2, 422, 16, 127
2, 422, 16, 127
0, 99, 18, 450
0, 99, 18, 450
0, 99, 18, 450
0, 98, 18, 451
0, 98, 18, 451
0, 99, 18, 450
0, 99, 18, 450
0, 99, 18, 450
0, 99, 18, 450
0, 99, 18, 450
0, 99, 18, 450
3, 549, 15, 0
3, 549, 15, 0
0, 1, 18, 548
0, 0, 18, 549
0, 1, 18, 548
0, 1, 18, 548
0, 1, 18, 548
0, 1, 18, 548
0, 1, 18, 548
0, 1, 18, 548
0, 1, 18, 548
0, 1, 18, 548
0, 1, 18, 548
0, 1, 18, 548
3, 549, 15, 0
3, 549, 15, 0
3, 549, 15, 0
3, 549, 15, 0
3, 549, 15, 0
3, 549, 15, 0
3, 549, 15, 0
3, 549, 15, 0
3, 549, 15, 0
3, 549, 15, 0
3, 549, 15, 0
3, 549, 15, 0
3, 539, 15, 10
2, 539, 16, 10
0, 293, 18, 256
3, 549, 15, 0
2, 549, 16, 0
2, 549, 16, 0
2, 549, 16, 0
2, 549, 16, 0
0, 0, 18, 549
2, 549, 16, 0
2, 549, 16, 0
2, 549, 16, 0
3, 549, 15, 0
3, 549, 15, 0
0, 3, 18, 546
0, 3, 18, 546
0, 3, 18, 546
0, 3, 18, 546
0, 3, 18, 546
3, 549, 15, 0
0, 0, 18, 549
3, 549, 15, 0
3, 549, 15, 0
3, 549, 15, 0
3, 549, 15, 0
3, 549, 15, 0
3, 549, 15, 0
3, 549, 15, 0
0, 6, 18, 543
0, 1, 18, 548
0, 5, 18, 544
3, 549, 15, 0
3, 549, 15, 0
0, 0, 18, 549
3, 549, 15, 0
0, 5, 18, 544
0, 5, 18, 544
3, 549, 15, 0
3, 549, 15, 0
3, 549, 15, 0
3, 549, 15, 0
3, 549, 15, 0
3, 549, 15, 0
3, 549, 15, 0
2, 425, 16, 124
2, 425, 16, 124
2, 425, 16, 124
2, 425, 16, 124
2, 425, 16, 124
2, 429, 16, 120
2, 429, 16, 120
2, 429, 16, 120
0, 128, 18, 421
0, 124, 18, 425
0, 5, 18, 544
2, 425, 16, 124
3, 549, 15, 0
3, 549, 15, 0
3, 549, 15, 0
3, 549, 15, 0
3, 549, 15, 0
3, 549, 15, 0
3, 549, 15, 0
0, 117, 18, 432
0, 117, 18, 432
0, 1, 18, 548
0, 117, 18, 432
0, 117, 18, 432
0, 117, 18, 432
0, 0, 18, 549
0, 0, 18, 549
0, 0, 18, 549
0, 0, 18, 549
0, 0, 18, 549
0, 0, 18, 549
0, 0, 18, 549
0, 0, 18, 549
0, 0, 18, 549
0, 0, 18, 549
3, 549, 15, 0
3, 549, 15, 0
3, 549, 15, 0
0, 0, 18, 549
3, 549, 15, 0
3, 549, 15, 0
0, 0, 18, 549
3, 549, 15, 0
3, 549, 15, 0
3, 549, 15, 0
3, 549, 15, 0
3, 549, 15, 0
0, 6, 18, 543
0, 6, 18, 543
0, 428, 18, 121
0, 428, 18, 121
0, 428, 18, 121
0, 428, 18, 121
0, 428, 18, 121
0, 428, 18, 121
0, 428, 18, 121
0, 428, 18, 121
0, 341, 18, 208
0, 341, 18, 208
0, 340, 18, 209
0, 340, 18, 209
0, 340, 18, 209
0, 190, 18, 359
0, 190, 18, 359
0, 190, 18, 359
0, 190, 18, 359
0, 428, 18, 121
0, 428, 18, 121
0, 272, 18, 277
0, 272, 18, 277
0, 3, 18, 546
0, 3, 18, 546
0, 3, 18, 546
0, 428, 18, 121
0, 428, 18, 121
0, 340, 18, 209
0, 190, 18, 359
0, 190, 18, 359
0, 428, 18, 121
0, 428, 18, 121
0, 102, 18, 447
0, 428, 18, 121
0, 428, 18, 121
0, 428, 18, 121
0, 428, 18, 121
0, 428, 18, 121
0, 428, 18, 121
0, 214, 18, 335
0, 214, 18, 335
0, 428, 18, 121
0, 0, 18, 549
0, 428, 18, 121
0, 340, 18, 209
0, 340, 18, 209
0, 340, 18, 209
0, 340, 18, 209
0, 173, 18, 376
0, 173, 18, 376
0, 173, 18, 376
0, 173, 18, 376
0, 167, 18, 382
0, 167, 18, 382
0, 167, 18, 382
0, 340, 18, 209
0, 428, 18, 121
0, 29, 18, 520
0, 29, 18, 520
0, 29, 18, 520
0, 29, 18, 520
0, 29, 18, 520
0, 29, 18, 520
0, 29, 18, 520
0, 29, 18, 520
0, 92, 18, 457
0, 92, 18, 457
0, 92, 18, 457
0, 0, 18, 549
0, 92, 18, 457
0, 92, 18, 457
0, 92, 18, 457
0, 0, 18, 549
0, 92, 18, 457
0, 92, 18, 457
0, 92, 18, 457
0, 60, 18, 489
0, 92, 18, 457
0, 92, 18, 457
0, 10, 18, 539
0, 92, 18, 457
0, 92, 18, 457
0, 92, 18, 457
0, 92, 18, 457
0, 92, 18, 457
0, 92, 18, 457
0, 92, 18, 457
0, 92, 18, 457
0, 55, 18, 494
0, 92, 18, 457
0, 92, 18, 457
0, 55, 18, 494
0, 55, 18, 494
0, 543, 18, 6
0, 543, 18, 6
0, 543, 18, 6
0, 543, 18, 6
0, 543, 18, 6
0, 543, 18, 6
0, 214, 18, 335
0, 214, 18, 335
0, 211, 18, 338
0, 211, 18, 338
0, 214, 18, 335
0, 543, 18, 6
0, 428, 18, 121
0, 428, 18, 121
0, 428, 18, 121
0, 428, 18, 121
0, 18, 18, 531
0, 428, 18, 121
0, 428, 18, 121
0, 428, 18, 121
0, 428, 18, 121
0, 428, 18, 121
0, 428, 18, 121
0, 428, 18, 121
0, 428, 18, 121
0, 428, 18, 121
0, 428, 18, 121
0, 428, 18, 121
0, 428, 18, 121
0, 428, 18, 121
0, 428, 18, 121
0, 428, 18, 121
0, 204, 18, 345
0, 428, 18, 121
0, 428, 18, 121
0, 428, 18, 121
0, 428, 18, 121
0, 428, 18, 121
0, 428, 18, 121
0, 421, 18, 128
0, 421, 18, 128
0, 423, 18, 126
0, 423, 18, 126
0, 423, 18, 126
0, 423, 18, 126
0, 191, 18, 358
0, 191, 18, 358
0, 140, 18, 409
0, 191, 18, 358
0, 0, 18, 549
0, 191, 18, 358
0, 191, 18, 358
0, 151, 18, 398
0, 151, 18, 398
0, 151, 18, 398
0, 151, 18, 398
0, 1, 18, 548
0, 151, 18, 398
0, 375, 18, 174
0, 423, 18, 126
0, 423, 18, 126
0, 423, 18, 126
0, 1, 18, 548
0, 423, 18, 126
0, 423, 18, 126
0, 423, 18, 126
0, 423, 18, 126
0, 423, 18, 126
0, 423, 18, 126
0, 423, 18, 126
0, 423, 18, 126
0, 197, 18, 352
0, 423, 18, 126
0, 428, 18, 121
0, 428, 18, 121
0, 223, 18, 326
0, 428, 18, 121
0, 282, 18, 267
0, 0, 18, 549
0, 428, 18, 121
0, 428, 18, 121
0, 428, 18, 121
0, 428, 18, 121
0, 428, 18, 121
0, 319, 18, 230
0, 319, 18, 230
0, 0, 18, 549
0, 428, 18, 121
0, 428, 18, 121
0, 428, 18, 121
0, 0, 18, 549
0, 0, 18, 549
0, 0, 18, 549
0, 428, 18, 121
0, 428, 18, 121
0, 428, 18, 121
0, 235, 18, 314
0, 428, 18, 121
0, 428, 18, 121
0, 428, 18, 121
0, 428, 18, 121
0, 428, 18, 121
0, 428, 18, 121
0, 428, 18, 121
0, 340, 18, 209
0, 340, 18, 209
0, 340, 18, 209
0, 340, 18, 209
0, 340, 18, 209
0, 0, 18, 549
0, 0, 18, 549
0, 0, 18, 549
0, 340, 18, 209
0, 340, 18, 209
0, 325, 18, 224
0, 340, 18, 209
0, 340, 18, 209
0, 340, 18, 209
0, 173, 18, 376
0, 340, 18, 209
0, 340, 18, 209
0, 340, 18, 209
0, 340, 18, 209
0, 428, 18, 121
0, 428, 18, 121
0, 152, 18, 397
0, 58, 18, 491
0, 152, 18, 397
0, 152, 18, 397
0, 139, 18, 410
0, 152, 18, 397
0, 152, 18, 397
0, 152, 18, 397
0, 152, 18, 397
0, 428, 18, 121
0, 92, 18, 457
0, 92, 18, 457
0, 92, 18, 457
0, 92, 18, 457
0, 92, 18, 457
0, 92, 18, 457
0, 92, 18, 457
0, 92, 18, 457
0, 92, 18, 457
0, 92, 18, 457
0, 92, 18, 457
0, 92, 18, 457
0, 92, 18, 457
0, 428, 18, 121
0, 428, 18, 121
0, 0, 18, 549
0, 428, 18, 121
0, 428, 18, 121
0, 428, 18, 121
0, 428, 18, 121
0, 428, 18, 121
0, 428, 18, 121
0, 428, 18, 121
0, 428, 18, 121
0, 428, 18, 121
0, 428, 18, 121
0, 428, 18, 121
0, 428, 18, 121
0, 428, 18, 121
0, 378, 18, 171
0, 378, 18, 171
0, 428, 18, 121
3, 549, 15, 0
3, 549, 15, 0
0, 0, 18, 549
3, 549, 15, 0
3, 549, 15, 0
2, 549, 16, 0
2, 549, 16, 0
0, 0, 18, 549
0, 0, 18, 549
0, 0, 18, 549
2, 549, 16, 0
3, 549, 15, 0
3, 15, 15, 534
3, 15, 15, 534
3, 15, 15, 534
3, 15, 15, 534
2, 14, 16, 535
2, 14, 16, 535
2, 15, 16, 534
2, 15, 16, 534
2, 15, 16, 534
2, 15, 16, 534
0, 1, 18, 548
0, 1, 18, 548
0, 2, 18, 547
0, 2, 18, 547
0, 2, 18, 547
0, 2, 18, 547
3, 15, 15, 534
3, 15, 15, 534
3, 15, 15, 534
3, 15, 15, 534
0, 2, 18, 547
0, 2, 18, 547
3, 15, 15, 534
0, 8, 18, 541
0, 8, 18, 541
3, 15, 15, 534
3, 8, 15, 541
2, 15, 16, 534
3, 15, 15, 534
0, 2, 18, 547
0, 2, 18, 547
0, 6, 18, 543
0, 6, 18, 543
0, 2, 18, 547
0, 2, 18, 547
2, 15, 16, 534
2, 15, 16, 534
0, 0, 18, 549
3, 549, 15, 0
3, 549, 15, 0
3, 549, 15, 0
3, 549, 15, 0
3, 549, 15, 0
3, 549, 15, 0
3, 549, 15, 0
3, 549, 15, 0
3, 549, 15, 0
3, 549, 15, 0
3, 549, 15, 0
3, 549, 15, 0
3, 549, 15, 0
3, 549, 15, 0
3, 549, 15, 0
3, 549, 15, 0
0, 0, 18, 549
0, 0, 18, 549
0, 0, 18, 549
0, 0, 18, 549
0, 0, 18, 549
0, 0, 18, 549
0, 0, 18, 549
0, 0, 18, 549
0, 0, 18, 549
0, 0, 18, 549
0, 0, 18, 549
0, 0, 18, 549
0, 0, 18, 549
0, 0, 18, 549
0, 0, 18, 549
0, 0, 18, 549
0, 0, 18, 549
0, 0, 18, 549
0, 0, 18, 549
0, 0, 18, 549
3, 549, 15, 0
3, 549, 15, 0
3, 549, 15, 0
3, 549, 15, 0
3, 549, 15, 0
3, 549, 15, 0
3, 549, 15, 0
2, 549, 16, 0
2, 549, 16, 0
3, 549, 15, 0
3, 549, 15, 0
3, 549, 15, 0
3, 549, 15, 0
3, 549, 15, 0
3, 549, 15, 0
0, 0, 18, 549
3, 549, 15, 0
3, 549, 15, 0
3, 549, 15, 0
0, 0, 18, 549
3, 549, 15, 0
2, 549, 16, 0
3, 549, 15, 0
3, 549, 15, 0
3, 549, 15, 0
3, 549, 15, 0
3, 549, 15, 0
3, 549, 15, 0
3, 549, 15, 0
3, 549, 15, 0
3, 549, 15, 0
0, 3, 18, 546
3, 549, 15, 0
3, 549, 15, 0
3, 549, 15, 0
3, 549, 15, 0
3, 549, 15, 0
2, 549, 16, 0
2, 549, 16, 0
2, 549, 16, 0
2, 549, 16, 0
2, 549, 16, 0
2, 549, 16, 0
2, 549, 16, 0
2, 549, 16, 0
0, 3, 18, 546
2, 546, 16, 3
2, 549, 16, 0
2, 549, 16, 0
3, 549, 15, 0
3, 549, 15, 0
3, 549, 15, 0
0, 0, 18, 549
0, 0, 18, 549
3, 549, 15, 0
3, 549, 15, 0
3, 549, 15, 0
3, 549, 15, 0
0, 1, 18, 548
0, 1, 18, 548
0, 7, 18, 542
0, 7, 18, 542
0, 0, 18, 549
0, 0, 18, 549
0, 7, 18, 542
0, 7, 18, 542
0, 0, 18, 549
0, 0, 18, 549
3, 549, 15, 0
3, 549, 15, 0
3, 549, 15, 0
3, 549, 15, 0
3, 549, 15, 0
3, 549, 15, 0
0, 0, 18, 549
0, 0, 18, 549
0, 0, 18, 549
0, 0, 18, 549
0, 0, 18, 549
0, 0, 18, 549
0, 0, 18, 549
0, 0, 18, 549
0, 0, 18, 549
0, 3, 18, 546
0, 3, 18, 546
0, 3, 18, 546
0, 3, 18, 546
0, 3, 18, 546
0, 99, 18, 450
0, 99, 18, 450
0, 99, 18, 450
0, 99, 18, 450
0, 99, 18, 450
0, 99, 18, 450
0, 99, 18, 450
0, 99, 18, 450
0, 0, 18, 549
0, 99, 18, 450
2, 544, 16, 5
2, 544, 16, 5
2, 544, 16, 5
2, 544, 16, 5
2, 544, 16, 5
2, 544, 16, 5
0, 4, 18, 545
0, 4, 18, 545
0, 6, 18, 543
0, 6, 18, 543
0, 6, 18, 543
0, 6, 18, 543
0, 6, 18, 543
0, 0, 18, 549
0, 6, 18, 543
0, 6, 18, 543
0, 3, 18, 546
0, 3, 18, 546
0, 2, 18, 547
0, 2, 18, 547
0, 2, 18, 547
0, 2, 18, 547
0, 6, 18, 543
0, 6, 18, 543
0, 0, 18, 549
0, 0, 18, 549
0, 6, 18, 543
0, 0, 18, 549
0, 6, 18, 543
0, 0, 18, 549
0, 6, 18, 543
0, 6, 18, 543
0, 99, 18, 450
0, 97, 18, 452
0, 99, 18, 450
0, 99, 18, 450
0, 99, 18, 450
0, 2, 18, 547
0, 0, 18, 549
0, 2, 18, 547
0, 2, 18, 547
0, 99, 18, 450
0, 33, 18, 516
0, 33, 18, 516
0, 66, 18, 483
0, 99, 18, 450
0, 99, 18, 450
0, 0, 18, 549
0, 0, 18, 549
0, 101, 18, 448
0, 101, 18, 448
0, 101, 18, 448
0, 101, 18, 448
0, 101, 18, 448
0, 101, 18, 448
0, 0, 18, 549
0, 0, 18, 549
0, 101, 18, 448
0, 0, 18, 549
0, 0, 18, 549
0, 101, 18, 448
0, 31, 18, 518
0, 31, 18, 518
0, 101, 18, 448
0, 101, 18, 448
0, 101, 18, 448
0, 101, 18, 448
2, 545, 16, 4
2, 545, 16, 4
0, 0, 18, 549
0, 0, 18, 549
0, 0, 18, 549
2, 545, 16, 4
0, 310, 18, 239
0, 310, 18, 239
0, 310, 18, 239
2, 545, 16, 4
2, 545, 16, 4
0, 100, 18, 449
0, 0, 18, 549
0, 100, 18, 449
0, 100, 18, 449
0, 3, 18, 546
0, 97, 18, 452
0, 100, 18, 449
0, 100, 18, 449
0, 100, 18, 449
0, 100, 18, 449
2, 524, 16, 25
2, 524, 16, 25
2, 545, 16, 4
2, 545, 16, 4
0, 406, 18, 143
0, 406, 18, 143
0, 406, 18, 143
2, 225, 16, 324
2, 225, 16, 324
2, 225, 16, 324
0, 3, 18, 546
0, 3, 18, 546
0, 3, 18, 546
0, 99, 18, 450
0, 99, 18, 450
0, 0, 18, 549
0, 0, 18, 549
0, 99, 18, 450
0, 0, 18, 549
0, 0, 18, 549
0, 0, 18, 549
0, 0, 18, 549
0, 99, 18, 450
0, 99, 18, 450
0, 98, 18, 451
0, 98, 18, 451
0, 0, 18, 549
0, 0, 18, 549
0, 98, 18, 451
0, 98, 18, 451
0, 98, 18, 451
0, 98, 18, 451
0, 0, 18, 549
0, 0, 18, 549
0, 98, 18, 451
0, 98, 18, 451
0, 210, 18, 339
0, 210, 18, 339
0, 210, 18, 339
0, 210, 18, 339
0, 210, 18, 339
0, 115, 18, 434
0, 210, 18, 339
0, 210, 18, 339
0, 210, 18, 339
0, 210, 18, 339
2, 425, 16, 124
2, 315, 16, 234
2, 425, 16, 124
0, 232, 18, 317
2, 425, 16, 124
2, 425, 16, 124
2, 425, 16, 124
0, 115, 18, 434
0, 115, 18, 434
0, 115, 18, 434
0, 312, 18, 237
0, 312, 18, 237
0, 182, 18, 367
0, 182, 18, 367
3, 531, 15, 18
3, 531, 15, 18
0, 0, 18, 549
3, 531, 15, 18
2, 531, 16, 18
0, 423, 18, 126
0, 423, 18, 126
2, 212, 16, 337
2, 212, 16, 337
2, 212, 16, 337
0, 229, 18, 320
0, 3, 18, 546
0, 0, 18, 549
0, 3, 18, 546
0, 0, 18, 549
0, 229, 18, 320
0, 2, 18, 547
0, 229, 18, 320
0, 229, 18, 320
0, 229, 18, 320
0, 229, 18, 320
0, 229, 18, 320
0, 229, 18, 320
2, 410, 16, 139
0, 0, 18, 549
2, 410, 16, 139
2, 410, 16, 139
2, 410, 16, 139
2, 410, 16, 139
2, 410, 16, 139
2, 425, 16, 124
2, 425, 16, 124
2, 425, 16, 124
2, 425, 16, 124
0, 312, 18, 237
0, 0, 18, 549
0, 312, 18, 237
0, 312, 18, 237
0, 312, 18, 237
0, 312, 18, 237
3, 549, 15, 0
3, 549, 15, 0
3, 549, 15, 0
3, 549, 15, 0
3, 549, 15, 0
3, 549, 15, 0
2, 529, 16, 20
3, 549, 15, 0
3, 549, 15, 0
0, 3, 18, 546
0, 3, 18, 546
0, 3, 18, 546
0, 3, 18, 546
0, 3, 18, 546
0, 3, 18, 546
0, 2, 18, 547
0, 0, 18, 549
0, 2, 18, 547
0, 3, 18, 546
0, 3, 18, 546
0, 3, 18, 546
0, 3, 18, 546
0, 3, 18, 546
0, 3, 18, 546
0, 3, 18, 546
0, 3, 18, 546
0, 3, 18, 546
0, 3, 18, 546
0, 0, 18, 549
0, 3, 18, 546
0, 3, 18, 546
0, 3, 18, 546
0, 3, 18, 546
0, 0, 18, 549
0, 0, 18, 549
0, 0, 18, 549
0, 0, 18, 549
0, 3, 18, 546
0, 0, 18, 549
0, 3, 18, 546
0, 0, 18, 549
0, 3, 18, 546
0, 3, 18, 546
0, 3, 18, 546
2, 549, 16, 0
2, 549, 16, 0
0, 0, 18, 549
0, 0, 18, 549
2, 549, 16, 0
0, 0, 18, 549
0, 0, 18, 549
0, 0, 18, 549
0, 0, 18, 549
0, 0, 18, 549
0, 6, 18, 543
0, 6, 18, 543
0, 6, 18, 543
0, 1, 18, 548
0, 6, 18, 543
0, 6, 18, 543
0, 6, 18, 543
0, 6, 18, 543
0, 6, 18, 543
0, 6, 18, 543
0, 6, 18, 543
0, 2, 18, 547
0, 2, 18, 547
0, 2, 18, 547
0, 2, 18, 547
0, 6, 18, 543
0, 6, 18, 543
0, 6, 18, 543
0, 6, 18, 543
0, 0, 18, 549
0, 0, 18, 549
0, 0, 18, 549
0, 1, 18, 548
0, 1, 18, 548
0, 1, 18, 548
0, 1, 18, 548
0, 7, 18, 542
0, 7, 18, 542
0, 7, 18, 542
0, 40, 18, 509
0, 40, 18, 509
0, 39, 18, 510
0, 39, 18, 510
0, 40, 18, 509
0, 46, 18, 503
0, 46, 18, 503
0, 46, 18, 503
0, 3, 18, 546
0, 3, 18, 546
3, 549, 15, 0
3, 549, 15, 0
3, 549, 15, 0
3, 549, 15, 0
3, 549, 15, 0
3, 549, 15, 0
0, 0, 18, 549
3, 549, 15, 0
3, 549, 15, 0
3, 549, 15, 0
0, 0, 18, 549
3, 549, 15, 0
3, 549, 15, 0
3, 549, 15, 0
3, 549, 15, 0
3, 549, 15, 0
3, 549, 15, 0
3, 549, 15, 0
3, 549, 15, 0
3, 549, 15, 0
3, 549, 15, 0
3, 549, 15, 0
3, 549, 15, 0
3, 549, 15, 0
3, 549, 15, 0
3, 549, 15, 0
3, 549, 15, 0
3, 549, 15, 0
3, 549, 15, 0
3, 549, 15, 0
3, 549, 15, 0
3, 549, 15, 0
3, 549, 15, 0
3, 549, 15, 0
3, 549, 15, 0
3, 549, 15, 0
3, 549, 15, 0
3, 549, 15, 0
3, 549, 15, 0
3, 549, 15, 0
3, 549, 15, 0
2, 5, 16, 544
2, 5, 16, 544
0, 111, 18, 438
0, 111, 18, 438
0, 1, 18, 548
0, 7, 18, 542
0, 115, 18, 434
0, 115, 18, 434
0, 115, 18, 434
0, 115, 18, 434
0, 115, 18, 434
0, 7, 18, 542
3, 549, 15, 0
3, 549, 15, 0
3, 549, 15, 0
3, 549, 15, 0
3, 549, 15, 0
3, 549, 15, 0
0, 0, 18, 549
0, 0, 18, 549
0, 0, 18, 549
0, 0, 18, 549
0, 0, 18, 549
0, 0, 18, 549
0, 0, 18, 549
0, 0, 18, 549
0, 0, 18, 549
0, 0, 18, 549
0, 0, 18, 549
0, 0, 18, 549
0, 0, 18, 549
0, 0, 18, 549
0, 0, 18, 549
0, 0, 18, 549
0, 0, 18, 549
0, 0, 18, 549
0, 0, 18, 549
0, 0, 18, 549
0, 117, 18, 432
0, 117, 18, 432
0, 117, 18, 432
0, 117, 18, 432
0, 7, 18, 542
2, 123, 16, 426
2, 123, 16, 426
0, 7, 18, 542
0, 0, 18, 549
0, 0, 18, 549
0, 111, 18, 438
0, 111, 18, 438
0, 111, 18, 438
0, 111, 18, 438
0, 0, 18, 549
0, 0, 18, 549
0, 0, 18, 549
0, 0, 18, 549
0, 115, 18, 434
0, 115, 18, 434
0, 0, 18, 549
0, 0, 18, 549
0, 0, 18, 549
0, 0, 18, 549
2, 120, 16, 429
2, 120, 16, 429
2, 120, 16, 429
2, 120, 16, 429
2, 120, 16, 429
2, 5, 16, 544
2, 120, 16, 429
0, 117, 18, 432
0, 117, 18, 432
0, 117, 18, 432
0, 117, 18, 432
0, 0, 18, 549
0, 117, 18, 432
0, 117, 18, 432
0, 117, 18, 432
0, 117, 18, 432
0, 117, 18, 432
0, 0, 18, 549
0, 117, 18, 432
0, 117, 18, 432
0, 117, 18, 432
0, 0, 18, 549
0, 0, 18, 549
0, 0, 18, 549
0, 0, 18, 549
0, 0, 18, 549
0, 0, 18, 549
0, 0, 18, 549
0, 0, 18, 549
0, 0, 18, 549
0, 0, 18, 549
0, 0, 18, 549
0, 0, 18, 549
0, 0, 18, 549
0, 0, 18, 549
0, 0, 18, 549
0, 0, 18, 549
0, 0, 18, 549
0, 0, 18, 549
0, 0, 18, 549
0, 0, 18, 549
3, 548, 15, 1
3, 548, 15, 1
3, 548, 15, 1
3, 548, 15, 1
0, 0, 18, 549
3, 548, 15, 1
0, 0, 18, 549
0, 0, 18, 549
3, 549, 15, 0
3, 549, 15, 0
0, 1, 18, 548
0, 1, 18, 548
0, 1, 18, 548
2, 124, 16, 425
2, 124, 16, 425
0, 1, 18, 548
0, 1, 18, 548
0, 1, 18, 548
0, 1, 18, 548
0, 1, 18, 548
0, 1, 18, 548
0, 1, 18, 548
0, 6, 18, 543
0, 99, 18, 450
0, 312, 18, 237
0, 99, 18, 450
0, 99, 18, 450
0, 99, 18, 450
0, 99, 18, 450
0, 0, 18, 549
0, 0, 18, 549
0, 101, 18, 448
0, 101, 18, 448
0, 101, 18, 448
0, 101, 18, 448
0, 0, 18, 549
0, 0, 18, 549
0, 0, 18, 549
0, 5, 18, 544
2, 545, 16, 4
2, 545, 16, 4
2, 545, 16, 4
2, 545, 16, 4
0, 11, 18, 538
0, 11, 18, 538
0, 11, 18, 538
0, 11, 18, 538
0, 11, 18, 538
0, 6, 18, 543
2, 116, 16, 433
2, 116, 16, 433
2, 116, 16, 433
2, 425, 16, 124
2, 425, 16, 124
0, 115, 18, 434
0, 0, 18, 549
0, 115, 18, 434
0, 115, 18, 434
0, 115, 18, 434
2, 425, 16, 124
2, 425, 16, 124
2, 425, 16, 124
2, 425, 16, 124
0, 117, 18, 432
0, 117, 18, 432
0, 117, 18, 432
0, 2, 18, 547
0, 117, 18, 432
0, 117, 18, 432
0, 35, 18, 514
0, 35, 18, 514
0, 0, 18, 549
0, 82, 18, 467
0, 82, 18, 467
0, 82, 18, 467
0, 117, 18, 432
2, 528, 16, 21
3, 527, 15, 22
0, 2, 18, 547
0, 6, 18, 543
0, 0, 18, 549
0, 0, 18, 549
0, 0, 18, 549
0, 0, 18, 549
0, 6, 18, 543
0, 0, 18, 549
0, 0, 18, 549
0, 0, 18, 549
0, 312, 18, 237
0, 312, 18, 237
0, 0, 18, 549
0, 0, 18, 549
0, 0, 18, 549
0, 0, 18, 549
2, 212, 16, 337
2, 212, 16, 337
2, 212, 16, 337
2, 212, 16, 337
0, 0, 18, 549
0, 0, 18, 549
0, 0, 18, 549
0, 0, 18, 549
0, 421, 18, 128
0, 229, 18, 320
0, 229, 18, 320
0, 229, 18, 320
0, 229, 18, 320
2, 420, 16, 129
2, 425, 16, 124
0, 0, 18, 549
0, 0, 18, 549
0, 0, 18, 549
0, 99, 18, 450
0, 99, 18, 450
0, 99, 18, 450
0, 99, 18, 450
0, 0, 18, 549
0, 0, 18, 549
0, 0, 18, 549
0, 0, 18, 549
0, 0, 18, 549
0, 0, 18, 549
0, 0, 18, 549
0, 0, 18, 549
0, 0, 18, 549
0, 0, 18, 549
0, 0, 18, 549
0, 0, 18, 549
0, 0, 18, 549
0, 0, 18, 549
0, 0, 18, 549
2, 5, 16, 544
2, 5, 16, 544
2, 5, 16, 544
0, 5, 18, 544
0, 5, 18, 544
0, 5, 18, 544
0, 1, 18, 548
0, 1, 18, 548
0, 1, 18, 548
0, 1, 18, 548
0, 1, 18, 548
0, 1, 18, 548
0, 0, 18, 549
0, 1, 18, 548
0, 1, 18, 548
0, 1, 18, 548
0, 122, 18, 427
0, 122, 18, 427
0, 122, 18, 427
0, 122, 18, 427
2, 545, 16, 4
2, 545, 16, 4
2, 545, 16, 4
2, 545, 16, 4
0, 116, 18, 433
0, 116, 18, 433
0, 5, 18, 544
0, 5, 18, 544
0, 525, 18, 24
0, 525, 18, 24
2, 548, 16, 1
2, 548, 16, 1
2, 548, 16, 1
2, 548, 16, 1
2, 548, 16, 1
2, 548, 16, 1
0, 0, 18, 549
0, 0, 18, 549
0, 116, 18, 433
0, 116, 18, 433
0, 0, 18, 549
0, 116, 18, 433
0, 116, 18, 433
0, 0, 18, 549
0, 0, 18, 549
0, 116, 18, 433
0, 116, 18, 433
0, 0, 18, 549
0, 0, 18, 549
0, 525, 18, 24
0, 525, 18, 24
0, 522, 18, 27
0, 522, 18, 27
0, 0, 18, 549
0, 0, 18, 549
0, 525, 18, 24
0, 525, 18, 24
0, 0, 18, 549
0, 0, 18, 549
0, 0, 18, 549
0, 0, 18, 549
2, 222, 16, 327
2, 222, 16, 327
0, 5, 18, 544
0, 5, 18, 544
0, 5, 18, 544
0, 112, 18, 437
0, 112, 18, 437
0, 112, 18, 437
0, 0, 18, 549
0, 0, 18, 549
0, 0, 18, 549
0, 0, 18, 549
0, 432, 18, 117
3, 549, 15, 0
3, 549, 15, 0
3, 549, 15, 0
3, 549, 15, 0
3, 549, 15, 0
3, 549, 15, 0
3, 549, 15, 0
0, 0, 18, 549
0, 0, 18, 549
0, 0, 18, 549
0, 0, 18, 549
0, 0, 18, 549
0, 0, 18, 549
0, 0, 18, 549
0, 0, 18, 549
0, 0, 18, 549
0, 0, 18, 549
3, 549, 15, 0
0, 545, 18, 4
0, 545, 18, 4
0, 545, 18, 4
0, 545, 18, 4
0, 545, 18, 4
0, 1, 18, 548
0, 1, 18, 548
0, 1, 18, 548
3, 549, 15, 0
3, 549, 15, 0
3, 549, 15, 0
3, 549, 15, 0
3, 549, 15, 0
0, 433, 18, 116
0, 433, 18, 116
0, 433, 18, 116
0, 433, 18, 116
0, 433, 18, 116
0, 1, 18, 548
0, 0, 18, 549
3, 549, 15, 0
3, 549, 15, 0
3, 549, 15, 0
3, 549, 15, 0
3, 549, 15, 0
0, 0, 18, 549
3, 549, 15, 0
0, 0, 18, 549
0, 0, 18, 549
0, 0, 18, 549
3, 549, 15, 0
3, 549, 15, 0
3, 549, 15, 0
3, 549, 15, 0
0, 433, 18, 116
3, 549, 15, 0
3, 549, 15, 0
0, 0, 18, 549
0, 0, 18, 549
0, 0, 18, 549
0, 0, 18, 549
0, 0, 18, 549
0, 0, 18, 549
0, 0, 18, 549
0, 0, 18, 549
3, 549, 15, 0
3, 549, 15, 0
3, 549, 15, 0
3, 549, 15, 0
0, 545, 18, 4
0, 545, 18, 4
0, 545, 18, 4
0, 433, 18, 116
0, 433, 18, 116
3, 549, 15, 0
3, 549, 15, 0
3, 549, 15, 0
3, 549, 15, 0
3, 549, 15, 0
3, 549, 15, 0
3, 549, 15, 0
3, 549, 15, 0
3, 549, 15, 0
3, 549, 15, 0
3, 549, 15, 0
3, 549, 15, 0
0, 434, 18, 115
0, 434, 18, 115
0, 2, 18, 547
0, 2, 18, 547
0, 434, 18, 115
0, 10, 18, 539
0, 10, 18, 539
0, 1, 18, 548
0, 434, 18, 115
3, 549, 15, 0
0, 0, 18, 549
0, 0, 18, 549
0, 0, 18, 549
0, 0, 18, 549
0, 0, 18, 549
0, 0, 18, 549
0, 0, 18, 549
0, 0, 18, 549
0, 0, 18, 549
0, 0, 18, 549
0, 0, 18, 549
0, 0, 18, 549
0, 0, 18, 549
0, 123, 18, 426
0, 123, 18, 426
0, 123, 18, 426
0, 123, 18, 426
0, 0, 18, 549
0, 0, 18, 549
0, 0, 18, 549
0, 0, 18, 549
0, 0, 18, 549
0, 0, 18, 549
0, 0, 18, 549
0, 0, 18, 549
0, 0, 18, 549
0, 0, 18, 549
0, 123, 18, 426
0, 11, 18, 538
0, 123, 18, 426
0, 123, 18, 426
0, 123, 18, 426
0, 115, 18, 434
0, 115, 18, 434
0, 115, 18, 434
0, 0, 18, 549
0, 0, 18, 549
0, 0, 18, 549
0, 0, 18, 549
0, 0, 18, 549
0, 0, 18, 549
0, 0, 18, 549
0, 0, 18, 549
0, 0, 18, 549
0, 0, 18, 549
0, 0, 18, 549
0, 0, 18, 549
0, 0, 18, 549
0, 115, 18, 434
0, 115, 18, 434
0, 115, 18, 434
0, 115, 18, 434
0, 545, 18, 4
0, 545, 18, 4
0, 0, 18, 549
0, 545, 18, 4
0, 545, 18, 4
0, 545, 18, 4
0, 0, 18, 549
0, 0, 18, 549
0, 0, 18, 549
0, 0, 18, 549
0, 0, 18, 549
0, 0, 18, 549
0, 0, 18, 549
0, 0, 18, 549
0, 0, 18, 549
0, 0, 18, 549
3, 549, 15, 0
3, 549, 15, 0
3, 549, 15, 0
3, 549, 15, 0
3, 549, 15, 0
3, 549, 15, 0
3, 549, 15, 0
3, 549, 15, 0
3, 549, 15, 0
0, 0, 18, 549
3, 549, 15, 0
3, 549, 15, 0
3, 549, 15, 0
0, 0, 18, 549
3, 549, 15, 0
3, 549, 15, 0
0, 0, 18, 549
0, 0, 18, 549
0, 0, 18, 549
0, 0, 18, 549
0, 0, 18, 549
0, 0, 18, 549
3, 549, 15, 0
3, 549, 15, 0
3, 549, 15, 0
3, 549, 15, 0
3, 549, 15, 0
3, 549, 15, 0
3, 549, 15, 0
3, 549, 15, 0
3, 549, 15, 0
3, 549, 15, 0
3, 549, 15, 0
0, 0, 18, 549
0, 0, 18, 549
0, 0, 18, 549
0, 0, 18, 549
0, 0, 18, 549
0, 0, 18, 549
0, 0, 18, 549
0, 0, 18, 549
0, 0, 18, 549
0, 0, 18, 549
0, 0, 18, 549
0, 0, 18, 549
0, 0, 18, 549
0, 0, 18, 549
0, 0, 18, 549
0, 0, 18, 549
0, 0, 18, 549
0, 0, 18, 549
0, 0, 18, 549
0, 0, 18, 549
0, 0, 18, 549
0, 0, 18, 549
18, 549, 0, 0
18, 549, 0, 0
0, 33, 18, 516
0, 33, 18, 516
0, 543, 18, 6
0, 543, 18, 6
0, 543, 18, 6
0, 545, 18, 4
0, 545, 18, 4
0, 1, 18, 548
0, 1, 18, 548
0, 545, 18, 4
5, 549, 13, 0
5, 549, 13, 0
5, 549, 13, 0
5, 549, 13, 0
5, 549, 13, 0
1, 0, 17, 549
0, 0, 18, 549
0, 0, 18, 549
4, 549, 14, 0
18, 549, 0, 0
18, 549, 0, 0
0, 33, 18, 516
0, 33, 18, 516
0, 543, 18, 6
0, 543, 18, 6
0, 543, 18, 6
