352
544, 23, 0, 0
544, 23, 0, 0
544, 23, 0, 0
544, 23, 0, 0
544, 23, 0, 0
529, 23, 15, 0
520, 23, 24, 0
520, 23, 24, 0
520, 23, 24, 0
6, 0, 538, 23
520, 23, 24, 0
1, 0, 543, 23
520, 23, 24, 0
520, 23, 24, 0
0, 0, 544, 23
541, 23, 3, 0
541, 23, 3, 0
2, 0, 542, 23
0, 0, 544, 23
2, 0, 542, 23
0, 0, 544, 23
541, 23, 3, 0
11, 0, 533, 23
0, 0, 544, 23
11, 0, 533, 23
0, 0, 544, 23
11, 0, 533, 23
0, 0, 544, 23
541, 23, 3, 0
5, 0, 539, 23
0, 0, 544, 23
5, 0, 539, 23
0, 0, 544, 23
5, 0, 539, 23
5, 0, 539, 23
0, 0, 544, 23
5, 0, 539, 23
0, 0, 544, 23
541, 23, 3, 0
9, 0, 535, 23
9, 0, 535, 23
9, 0, 535, 23
0, 0, 544, 23
9, 0, 535, 23
3, 0, 541, 23
9, 0, 535, 23
2, 0, 542, 23
9, 0, 535, 23
2, 0, 542, 23
9, 0, 535, 23
2, 0, 542, 23
9, 0, 535, 23
2, 0, 542, 23
9, 0, 535, 23
0, 0, 544, 23
9, 0, 535, 23
2, 0, 542, 23
9, 0, 535, 23
2, 0, 542, 23
9, 0, 535, 23
9, 0, 535, 23
9, 0, 535, 23
2, 0, 542, 23
9, 0, 535, 23
3, 0, 541, 23
9, 0, 535, 23
6, 0, 538, 23
9, 0, 535, 23
2, 0, 542, 23
9, 0, 535, 23
4, 0, 540, 23
9, 0, 535, 23
1, 0, 543, 23
8, 0, 536, 23
9, 0, 535, 23
9, 0, 535, 23
3, 0, 541, 23
9, 0, 535, 23
1, 0, 543, 23
9, 0, 535, 23
1, 0, 543, 23
9, 0, 535, 23
8, 0, 536, 23
9, 0, 535, 23
8, 0, 536, 23
9, 0, 535, 23
2, 0, 542, 23
9, 0, 535, 23
1, 0, 543, 23
9, 0, 535, 23
0, 0, 544, 23
9, 0, 535, 23
9, 0, 535, 23
9, 0, 535, 23
9, 0, 535, 23
9, 0, 535, 23
2, 0, 542, 23
7, 0, 537, 23
0, 0, 544, 23
7, 0, 537, 23
9, 0, 535, 23
0, 0, 544, 23
9, 0, 535, 23
9, 0, 535, 23
9, 0, 535, 23
2, 0, 542, 23
7, 0, 537, 23
9, 0, 535, 23
9, 0, 535, 23
9, 0, 535, 23
1, 0, 543, 23
1, 0, 543, 23
8, 0, 536, 23
8, 0, 536, 23
8, 0, 536, 23
8, 0, 536, 23
8, 0, 536, 23
8, 0, 536, 23
8, 0, 536, 23
9, 0, 535, 23
8, 0, 536, 23
8, 0, 536, 23
9, 0, 535, 23
8, 0, 536, 23
8, 0, 536, 23
9, 0, 535, 23
9, 0, 535, 23
9, 0, 535, 23
541, 23, 3, 0
544, 23, 0, 0
544, 23, 0, 0
544, 23, 0, 0
544, 23, 0, 0
544, 23, 0, 0
544, 23, 0, 0
544, 23, 0, 0
544, 23, 0, 0
544, 23, 0, 0
544, 23, 0, 0
544, 23, 0, 0
544, 23, 0, 0
544, 23, 0, 0
544, 23, 0, 0
544, 23, 0, 0
544, 23, 0, 0
544, 23, 0, 0
544, 23, 0, 0
0, 0, 544, 23
544, 23, 0, 0
544, 23, 0, 0
544, 23, 0, 0
527, 23, 17, 0
527, 23, 17, 0
527, 23, 17, 0
0, 0, 544, 23
0, 0, 544, 23
2, 0, 542, 23
2, 0, 542, 23
2, 0, 542, 23
5, 0, 539, 23
5, 0, 539, 23
1, 0, 543, 23
465, 13, 79, 10
1, 0, 543, 23
464, 13, 80, 10
464, 13, 80, 10
464, 13, 80, 10
464, 13, 80, 10
464, 13, 80, 10
464, 13, 80, 10
461, 13, 83, 10
243, 0, 301, 23
243, 0, 301, 23
242, 1, 302, 22
242, 1, 302, 22
15, 0, 529, 23
15, 0, 529, 23
5, 13, 539, 10
5, 13, 539, 10
163, 0, 381, 23
163, 0, 381, 23
242, 0, 302, 23
242, 0, 302, 23
1, 0, 543, 23
463, 13, 81, 10
242, 10, 302, 13
242, 10, 302, 13
74, 10, 470, 13
74, 10, 470, 13
74, 10, 470, 13
80, 0, 464, 23
80, 0, 464, 23
80, 0, 464, 23
1, 0, 543, 23
1, 0, 543, 23
3, 0, 541, 23
3, 0, 541, 23
3, 0, 541, 23
3, 0, 541, 23
3, 0, 541, 23
163, 0, 381, 23
163, 0, 381, 23
3, 0, 541, 23
3, 0, 541, 23
1, 0, 543, 23
4, 0, 540, 23
1, 0, 543, 23
3, 0, 541, 23
3, 0, 541, 23
13, 1, 531, 22
13, 1, 531, 22
4, 0, 540, 23
1, 0, 543, 23
3, 0, 541, 23
3, 0, 541, 23
3, 0, 541, 23
3, 0, 541, 23
3, 0, 541, 23
3, 0, 541, 23
21, 1, 523, 22
21, 1, 523, 22
9, 0, 535, 23
9, 0, 535, 23
1, 0, 543, 23
1, 0, 543, 23
3, 0, 541, 23
3, 0, 541, 23
3, 0, 541, 23
3, 0, 541, 23
3, 0, 541, 23
2, 0, 542, 23
2, 0, 542, 23
2, 0, 542, 23
1, 0, 543, 23
1, 0, 543, 23
1, 0, 543, 23
523, 23, 21, 0
537, 23, 7, 0
532, 23, 12, 0
58, 22, 486, 1
474, 1, 70, 22
537, 23, 7, 0
532, 23, 12, 0
99, 23, 445, 0
433, 0, 111, 23
537, 23, 7, 0
163, 0, 381, 23
0, 0, 544, 23
163, 0, 381, 23
1, 0, 543, 23
162, 0, 382, 23
162, 0, 382, 23
162, 0, 382, 23
536, 23, 8, 0
3, 0, 541, 23
533, 23, 11, 0
1, 0, 543, 23
532, 23, 12, 0
1, 0, 543, 23
531, 23, 13, 0
0, 0, 544, 23
531, 23, 13, 0
528, 23, 16, 0
0, 0, 544, 23
528, 23, 16, 0
528, 23, 16, 0
528, 23, 16, 0
528, 23, 16, 0
0, 0, 544, 23
528, 23, 16, 0
531, 23, 13, 0
531, 23, 13, 0
531, 23, 13, 0
530, 23, 14, 0
5, 0, 539, 23
5, 0, 539, 23
0, 0, 544, 23
525, 23, 19, 0
530, 23, 14, 0
530, 23, 14, 0
530, 23, 14, 0
1, 0, 543, 23
529, 23, 15, 0
1, 0, 543, 23
1, 0, 543, 23
1, 0, 543, 23
1, 0, 543, 23
1, 0, 543, 23
1, 0, 543, 23
1, 0, 543, 23
1, 0, 543, 23
1, 0, 543, 23
1, 0, 543, 23
1, 0, 543, 23
1, 0, 543, 23
1, 0, 543, 23
1, 0, 543, 23
1, 0, 543, 23
529, 23, 15, 0
529, 23, 15, 0
529, 23, 15, 0
529, 23, 15, 0
529, 23, 15, 0
529, 23, 15, 0
529, 23, 15, 0
529, 23, 15, 0
529, 23, 15, 0
529, 23, 15, 0
529, 23, 15, 0
301, 1, 243, 22
301, 1, 243, 22
301, 1, 243, 22
301, 1, 243, 22
301, 1, 243, 22
228, 22, 316, 1
228, 22, 316, 1
228, 22, 316, 1
529, 23, 15, 0
529, 23, 15, 0
529, 23, 15, 0
529, 23, 15, 0
529, 23, 15, 0
529, 23, 15, 0
0, 0, 544, 23
0, 0, 544, 23
528, 23, 16, 0
6, 0, 538, 23
522, 23, 22, 0
162, 0, 382, 23
360, 23, 184, 0
0, 0, 544, 23
522, 23, 22, 0
162, 0, 382, 23
360, 23, 184, 0
0, 0, 544, 23
522, 23, 22, 0
11, 1, 533, 22
2, 0, 542, 23
2, 0, 542, 23
11, 1, 533, 22
1, 0, 543, 23
1, 0, 543, 23
1, 0, 543, 23
0, 0, 544, 23
11, 1, 533, 22
5, 0, 539, 23
11, 1, 533, 22
1, 0, 543, 23
522, 23, 22, 0
169, 0, 375, 23
522, 23, 22, 0
33, 0, 511, 23
522, 23, 22, 0
2, 0, 542, 23
2, 0, 542, 23
0, 0, 544, 23
520, 23, 24, 0
466, 1, 78, 22
54, 22, 490, 1
520, 23, 24, 0
0, 0, 544, 23
0, 0, 544, 23
0, 0, 544, 23
520, 23, 24, 0
92, 0, 452, 23
428, 23, 116, 0
428, 23, 116, 0
520, 23, 24, 0
169, 0, 375, 23
520, 23, 24, 0
242, 10, 302, 13
520, 23, 24, 0
162, 0, 382, 23
162, 0, 382, 23
162, 0, 382, 23
358, 23, 186, 0
358, 23, 186, 0
520, 23, 24, 0
0, 0, 544, 23
520, 23, 24, 0
162, 0, 382, 23
358, 23, 186, 0
358, 23, 186, 0
520, 23, 24, 0
294, 1, 250, 22
226, 22, 318, 1
520, 23, 24, 0
520, 23, 24, 0
520, 23, 24, 0
294, 1, 250, 22
520, 23, 24, 0
529, 23, 15, 0
529, 23, 15, 0
529, 23, 15, 0
529, 23, 15, 0
529, 23, 15, 0
529, 23, 15, 0
529, 23, 15, 0
529, 23, 15, 0
529, 23, 15, 0
529, 23, 15, 0
529, 23, 15, 0
529, 23, 15, 0
529, 23, 15, 0
529, 23, 15, 0
529, 23, 15, 0
529, 23, 15, 0
529, 23, 15, 0
529, 23, 15, 0
529, 23, 15, 0
529, 23, 15, 0
529, 23, 15, 0
529, 23, 15, 0
529, 23, 15, 0
529, 23, 15, 0
529, 23, 15, 0
529, 23, 15, 0
529, 23, 15, 0
529, 23, 15, 0
529, 23, 15, 0
529, 23, 15, 0
529, 23, 15, 0
529, 23, 15, 0
529, 23, 15, 0
529, 23, 15, 0
529, 23, 15, 0
529, 23, 15, 0
529, 23, 15, 0
529, 23, 15, 0
529, 23, 15, 0
529, 23, 15, 0
529, 23, 15, 0
529, 23, 15, 0
529, 23, 15, 0
529, 23, 15, 0
2, 0, 542, 23
2, 0, 542, 23
2, 0, 542, 23
2, 0, 542, 23
2, 0, 542, 23
2, 0, 542, 23
2, 0, 542, 23
2, 0, 542, 23
2, 0, 542, 23
2, 0, 542, 23
2, 0, 542, 23
2, 0, 542, 23
2, 0, 542, 23
2, 0, 542, 23
2, 0, 542, 23
2, 0, 542, 23
2, 0, 542, 23
2, 0, 542, 23
2, 0, 542, 23
2, 0, 542, 23
2, 0, 542, 23
2, 0, 542, 23
2, 0, 542, 23
2, 0, 542, 23
2, 0, 542, 23
2, 0, 542, 23
2, 0, 542, 23
2, 0, 542, 23
2, 0, 542, 23
2, 0, 542, 23
2, 0, 542, 23
2, 0, 542, 23
2, 0, 542, 23
2, 0, 542, 23
412, 18, 132, 5
412, 18, 132, 5
412, 18, 132, 5
412, 18, 132, 5
412, 18, 132, 5
409, 18, 135, 5
3, 0, 541, 23
412, 18, 132, 5
412, 18, 132, 5
2, 0, 542, 23
2, 0, 542, 23
2, 0, 542, 23
412, 18, 132, 5
412, 18, 132, 5
528, 23, 16, 0
528, 23, 16, 0
2, 0, 542, 23
2, 0, 542, 23
2, 0, 542, 23
2, 0, 542, 23
2, 0, 542, 23
528, 23, 16, 0
528, 23, 16, 0
412, 18, 132, 5
528, 23, 16, 0
528, 23, 16, 0
528, 23, 16, 0
528, 23, 16, 0
528, 23, 16, 0
528, 23, 16, 0
4, 0, 540, 23
4, 0, 540, 23
4, 0, 540, 23
4, 0, 540, 23
4, 0, 540, 23
4, 0, 540, 23
4, 0, 540, 23
4, 0, 540, 23
4, 0, 540, 23
4, 0, 540, 23
4, 0, 540, 23
4, 0, 540, 23
4, 0, 540, 23
520, 23, 24, 0
520, 23, 24, 0
493, 21, 51, 2
493, 21, 51, 2
4, 0, 540, 23
4, 0, 540, 23
4, 0, 540, 23
4, 0, 540, 23
520, 23, 24, 0
33, 0, 511, 23
33, 0, 511, 23
33, 0, 511, 23
33, 0, 511, 23
33, 0, 511, 23
33, 0, 511, 23
33, 0, 511, 23
33, 0, 511, 23
33, 0, 511, 23
33, 0, 511, 23
33, 0, 511, 23
4, 0, 540, 23
4, 0, 540, 23
4, 0, 540, 23
4, 0, 540, 23
4, 0, 540, 23
4, 0, 540, 23
4, 0, 540, 23
4, 0, 540, 23
4, 0, 540, 23
4, 0, 540, 23
4, 0, 540, 23
4, 0, 540, 23
4, 0, 540, 23
4, 0, 540, 23
4, 0, 540, 23
4, 0, 540, 23
4, 0, 540, 23
4, 0, 540, 23
4, 0, 540, 23
4, 0, 540, 23
4, 0, 540, 23
4, 0, 540, 23
4, 0, 540, 23
4, 0, 540, 23
4, 0, 540, 23
4, 0, 540, 23
4, 0, 540, 23
4, 0, 540, 23
4, 0, 540, 23
4, 0, 540, 23
4, 0, 540, 23
4, 0, 540, 23
520, 23, 24, 0
520, 23, 24, 0
520, 23, 24, 0
520, 23, 24, 0
520, 23, 24, 0
520, 23, 24, 0
520, 23, 24, 0
520, 23, 24, 0
520, 23, 24, 0
520, 23, 24, 0
520, 23, 24, 0
520, 23, 24, 0
520, 23, 24, 0
520, 23, 24, 0
520, 23, 24, 0
520, 23, 24, 0
520, 23, 24, 0
520, 23, 24, 0
520, 23, 24, 0
520, 23, 24, 0
520, 23, 24, 0
520, 23, 24, 0
520, 23, 24, 0
520, 23, 24, 0
520, 23, 24, 0
520, 23, 24, 0
0, 0, 544, 23
520, 23, 24, 0
520, 23, 24, 0
520, 23, 24, 0
520, 23, 24, 0
1, 0, 543, 23
1, 0, 543, 23
1, 0, 543, 23
1, 0, 543, 23
1, 0, 543, 23
1, 0, 543, 23
1, 0, 543, 23
1, 0, 543, 23
1, 0, 543, 23
1, 0, 543, 23
1, 0, 543, 23
0, 0, 544, 23
1, 0, 543, 23
520, 23, 24, 0
520, 23, 24, 0
520, 23, 24, 0
520, 23, 24, 0
520, 23, 24, 0
520, 23, 24, 0
520, 23, 24, 0
520, 23, 24, 0
520, 23, 24, 0
520, 23, 24, 0
13, 1, 531, 22
13, 1, 531, 22
520, 23, 24, 0
520, 23, 24, 0
176, 22, 368, 1
176, 22, 368, 1
0, 0, 544, 23
0, 0, 544, 23
0, 0, 544, 23
0, 0, 544, 23
0, 0, 544, 23
176, 22, 368, 1
174, 22, 370, 1
520, 23, 24, 0
92, 0, 452, 23
92, 0, 452, 23
92, 0, 452, 23
92, 0, 452, 23
428, 23, 116, 0
0, 23, 544, 0
0, 22, 544, 1
0, 1, 544, 22
0, 23, 544, 0
0, 23, 544, 0
0, 23, 544, 0
0, 23, 544, 0
0, 23, 544, 0
520, 23, 24, 0
520, 23, 24, 0
520, 23, 24, 0
520, 23, 24, 0
520, 23, 24, 0
520, 23, 24, 0
520, 23, 24, 0
520, 23, 24, 0
520, 23, 24, 0
520, 23, 24, 0
520, 23, 24, 0
520, 23, 24, 0
0, 0, 544, 23
520, 23, 24, 0
428, 23, 116, 0
0, 0, 544, 23
428, 23, 116, 0
428, 23, 116, 0
428, 23, 116, 0
520, 23, 24, 0
520, 23, 24, 0
520, 23, 24, 0
520, 23, 24, 0
520, 23, 24, 0
520, 23, 24, 0
520, 23, 24, 0
520, 23, 24, 0
520, 23, 24, 0
13, 1, 531, 22
520, 23, 24, 0
520, 23, 24, 0
520, 23, 24, 0
520, 23, 24, 0
520, 23, 24, 0
520, 23, 24, 0
520, 23, 24, 0
520, 23, 24, 0
520, 23, 24, 0
520, 23, 24, 0
520, 23, 24, 0
520, 23, 24, 0
33, 0, 511, 23
520, 23, 24, 0
520, 23, 24, 0
13, 1, 531, 22
520, 23, 24, 0
520, 23, 24, 0
520, 23, 24, 0
460, 23, 84, 0
460, 23, 84, 0
460, 23, 84, 0
12, 1, 532, 22
460, 23, 84, 0
460, 23, 84, 0
460, 23, 84, 0
460, 23, 84, 0
520, 23, 24, 0
520, 23, 24, 0
520, 23, 24, 0
520, 23, 24, 0
0, 0, 544, 23
0, 0, 544, 23
520, 23, 24, 0
520, 23, 24, 0
520, 23, 24, 0
174, 22, 370, 1
174, 22, 370, 1
520, 23, 24, 0
0, 23, 544, 0
0, 23, 544, 0
0, 23, 544, 0
0, 23, 544, 0
0, 23, 544, 0
0, 23, 544, 0
0, 23, 544, 0
520, 0, 24, 23
92, 0, 452, 23
428, 0, 116, 23
428, 0, 116, 23
428, 0, 116, 23
428, 0, 116, 23
428, 0, 116, 23
428, 0, 116, 23
428, 0, 116, 23
428, 0, 116, 23
428, 0, 116, 23
520, 23, 24, 0
0, 23, 544, 0
520, 0, 24, 23
428, 0, 116, 23
428, 0, 116, 23
428, 0, 116, 23
428, 0, 116, 23
428, 0, 116, 23
520, 23, 24, 0
520, 23, 24, 0
520, 23, 24, 0
520, 23, 24, 0
520, 23, 24, 0
520, 23, 24, 0
520, 23, 24, 0
520, 23, 24, 0
520, 23, 24, 0
520, 23, 24, 0
520, 23, 24, 0
520, 23, 24, 0
520, 23, 24, 0
520, 23, 24, 0
2, 0, 542, 23
520, 23, 24, 0
520, 23, 24, 0
520, 23, 24, 0
520, 23, 24, 0
2, 0, 542, 23
110, 4, 434, 19
520, 23, 24, 0
1, 0, 543, 23
520, 23, 24, 0
520, 23, 24, 0
520, 23, 24, 0
520, 23, 24, 0
520, 23, 24, 0
520, 23, 24, 0
520, 23, 24, 0
520, 23, 24, 0
520, 23, 24, 0
520, 23, 24, 0
169, 0, 375, 23
351, 23, 193, 0
520, 23, 24, 0
520, 23, 24, 0
169, 0, 375, 23
169, 0, 375, 23
169, 0, 375, 23
169, 0, 375, 23
169, 0, 375, 23
169, 0, 375, 23
169, 0, 375, 23
351, 23, 193, 0
351, 23, 193, 0
351, 23, 193, 0
351, 23, 193, 0
351, 23, 193, 0
351, 23, 193, 0
351, 23, 193, 0
520, 23, 24, 0
520, 23, 24, 0
520, 23, 24, 0
520, 23, 24, 0
520, 23, 24, 0
520, 23, 24, 0
520, 23, 24, 0
520, 23, 24, 0
520, 23, 24, 0
520, 23, 24, 0
520, 23, 24, 0
520, 23, 24, 0
520, 23, 24, 0
520, 23, 24, 0
201, 8, 343, 15
201, 8, 343, 15
0, 0, 544, 23
201, 8, 343, 15
201, 8, 343, 15
201, 8, 343, 15
201, 8, 343, 15
520, 23, 24, 0
399, 18, 145, 5
399, 18, 145, 5
399, 18, 145, 5
1, 0, 543, 23
399, 18, 145, 5
398, 18, 146, 5
399, 18, 145, 5
399, 18, 145, 5
399, 18, 145, 5
520, 23, 24, 0
0, 0, 544, 23
520, 23, 24, 0
510, 23, 34, 0
510, 23, 34, 0
520, 23, 24, 0
520, 23, 24, 0
520, 23, 24, 0
520, 23, 24, 0
520, 23, 24, 0
520, 23, 24, 0
520, 23, 24, 0
520, 23, 24, 0
520, 23, 24, 0
520, 23, 24, 0
520, 23, 24, 0
520, 23, 24, 0
520, 23, 24, 0
0, 0, 544, 23
520, 23, 24, 0
510, 23, 34, 0
510, 23, 34, 0
510, 23, 34, 0
520, 23, 24, 0
520, 23, 24, 0
520, 23, 24, 0
520, 23, 24, 0
520, 23, 24, 0
520, 23, 24, 0
520, 23, 24, 0
201, 8, 343, 15
201, 8, 343, 15
0, 0, 544, 23
201, 8, 343, 15
201, 8, 343, 15
520, 23, 24, 0
520, 23, 24, 0
399, 18, 145, 5
399, 18, 145, 5
399, 18, 145, 5
1, 0, 543, 23
399, 18, 145, 5
520, 23, 24, 0
294, 1, 250, 22
294, 1, 250, 22
294, 1, 250, 22
294, 1, 250, 22
294, 1, 250, 22
227, 1, 317, 22
227, 1, 317, 22
227, 1, 317, 22
227, 1, 317, 22
227, 1, 317, 22
294, 1, 250, 22
294, 1, 250, 22
374, 1, 170, 22
374, 1, 170, 22
374, 1, 170, 22
374, 1, 170, 22
374, 1, 170, 22
374, 1, 170, 22
374, 1, 170, 22
374, 1, 170, 22
526, 23, 18, 0
526, 23, 18, 0
526, 23, 18, 0
458, 18, 86, 5
458, 18, 86, 5
3, 0, 541, 23
458, 18, 86, 5
458, 18, 86, 5
458, 18, 86, 5
458, 18, 86, 5
454, 18, 90, 5
453, 18, 91, 5
4, 0, 540, 23
453, 18, 91, 5
453, 18, 91, 5
322, 12, 222, 11
453, 18, 91, 5
453, 18, 91, 5
453, 18, 91, 5
453, 18, 91, 5
453, 18, 91, 5
453, 18, 91, 5
448, 18, 96, 5
448, 18, 96, 5
432, 18, 112, 5
448, 18, 96, 5
454, 18, 90, 5
458, 18, 86, 5
449, 18, 95, 5
449, 18, 95, 5
458, 18, 86, 5
458, 18, 86, 5
453, 18, 91, 5
526, 23, 18, 0
516, 23, 28, 0
516, 23, 28, 0
514, 23, 30, 0
516, 23, 28, 0
516, 23, 28, 0
516, 23, 28, 0
516, 23, 28, 0
516, 23, 28, 0
520, 23, 24, 0
520, 23, 24, 0
520, 23, 24, 0
520, 23, 24, 0
520, 23, 24, 0
520, 23, 24, 0
0, 0, 544, 23
0, 0, 544, 23
520, 23, 24, 0
520, 23, 24, 0
520, 23, 24, 0
169, 2, 375, 21
351, 21, 193, 2
92, 0, 452, 23
259, 21, 285, 2
351, 21, 193, 2
351, 21, 193, 2
351, 21, 193, 2
351, 21, 193, 2
351, 21, 193, 2
351, 21, 193, 2
520, 23, 24, 0
520, 23, 24, 0
169, 2, 375, 21
351, 21, 193, 2
351, 21, 193, 2
351, 21, 193, 2
351, 21, 193, 2
351, 21, 193, 2
92, 21, 452, 2
259, 0, 285, 23
351, 21, 193, 2
351, 21, 193, 2
351, 21, 193, 2
351, 21, 193, 2
92, 0, 452, 23
92, 0, 452, 23
92, 0, 452, 23
92, 0, 452, 23
92, 0, 452, 23
0, 0, 544, 23
92, 0, 452, 23
0, 0, 544, 23
92, 0, 452, 23
92, 0, 452, 23
92, 0, 452, 23
92, 0, 452, 23
92, 0, 452, 23
92, 0, 452, 23
92, 0, 452, 23
92, 0, 452, 23
92, 0, 452, 23
92, 0, 452, 23
92, 0, 452, 23
92, 0, 452, 23
92, 0, 452, 23
92, 0, 452, 23
92, 0, 452, 23
92, 0, 452, 23
92, 0, 452, 23
92, 0, 452, 23
92, 0, 452, 23
92, 0, 452, 23
92, 0, 452, 23
92, 0, 452, 23
92, 0, 452, 23
92, 0, 452, 23
92, 0, 452, 23
92, 0, 452, 23
92, 0, 452, 23
92, 0, 452, 23
92, 0, 452, 23
40, 0, 504, 23
92, 0, 452, 23
294, 1, 250, 22
294, 1, 250, 22
294, 1, 250, 22
294, 1, 250, 22
3, 0, 541, 23
294, 1, 250, 22
294, 1, 250, 22
294, 1, 250, 22
294, 1, 250, 22
13, 1, 531, 22
13, 1, 531, 22
13, 1, 531, 22
13, 1, 531, 22
13, 1, 531, 22
13, 1, 531, 22
13, 1, 531, 22
294, 1, 250, 22
520, 23, 24, 0
520, 23, 24, 0
92, 0, 452, 23
428, 23, 116, 0
0, 23, 544, 0
428, 0, 116, 23
169, 0, 375, 23
169, 0, 375, 23
169, 0, 375, 23
169, 0, 375, 23
169, 0, 375, 23
169, 0, 375, 23
169, 0, 375, 23
169, 0, 375, 23
169, 0, 375, 23
169, 0, 375, 23
169, 0, 375, 23
33, 0, 511, 23
33, 0, 511, 23
33, 0, 511, 23
33, 0, 511, 23
33, 0, 511, 23
33, 0, 511, 23
33, 0, 511, 23
33, 0, 511, 23
33, 0, 511, 23
33, 0, 511, 23
33, 0, 511, 23
33, 0, 511, 23
33, 0, 511, 23
33, 0, 511, 23
33, 0, 511, 23
33, 0, 511, 23
33, 0, 511, 23
33, 0, 511, 23
33, 0, 511, 23
33, 0, 511, 23
31, 0, 513, 23
31, 0, 513, 23
31, 0, 513, 23
33, 0, 511, 23
33, 0, 511, 23
33, 0, 511, 23
33, 0, 511, 23
33, 0, 511, 23
33, 0, 511, 23
33, 0, 511, 23
33, 0, 511, 23
33, 0, 511, 23
33, 0, 511, 23
33, 0, 511, 23
33, 0, 511, 23
33, 0, 511, 23
136, 0, 408, 23
136, 0, 408, 23
136, 0, 408, 23
136, 0, 408, 23
136, 0, 408, 23
136, 0, 408, 23
169, 0, 375, 23
169, 0, 375, 23
169, 0, 375, 23
169, 0, 375, 23
169, 0, 375, 23
169, 0, 375, 23
169, 0, 375, 23
259, 0, 285, 23
520, 23, 24, 0
0, 23, 544, 0
0, 23, 544, 0
0, 23, 544, 0
0, 23, 544, 0
0, 23, 544, 0
0, 23, 544, 0
0, 23, 544, 0
0, 23, 544, 0
0, 1, 544, 22
0, 23, 544, 0
0, 23, 544, 0
0, 1, 544, 22
0, 23, 544, 0
428, 0, 116, 23
428, 0, 116, 23
428, 0, 116, 23
428, 0, 116, 23
428, 0, 116, 23
428, 0, 116, 23
428, 0, 116, 23
428, 0, 116, 23
214, 0, 330, 23
214, 0, 330, 23
214, 0, 330, 23
214, 0, 330, 23
214, 0, 330, 23
428, 0, 116, 23
428, 0, 116, 23
428, 0, 116, 23
428, 0, 116, 23
520, 23, 24, 0
520, 23, 24, 0
520, 23, 24, 0
520, 23, 24, 0
0, 23, 544, 0
0, 23, 544, 0
0, 23, 544, 0
0, 21, 544, 2
0, 21, 544, 2
0, 21, 544, 2
0, 23, 544, 0
0, 23, 544, 0
0, 21, 544, 2
0, 23, 544, 0
0, 23, 544, 0
0, 23, 544, 0
520, 0, 24, 23
92, 0, 452, 23
92, 0, 452, 23
92, 0, 452, 23
92, 0, 452, 23
92, 0, 452, 23
92, 0, 452, 23
92, 0, 452, 23
92, 0, 452, 23
92, 0, 452, 23
92, 0, 452, 23
92, 0, 452, 23
92, 0, 452, 23
92, 0, 452, 23
92, 0, 452, 23
92, 0, 452, 23
92, 0, 452, 23
92, 0, 452, 23
428, 0, 116, 23
428, 0, 116, 23
428, 0, 116, 23
428, 0, 116, 23
428, 0, 116, 23
428, 0, 116, 23
428, 0, 116, 23
428, 0, 116, 23
428, 0, 116, 23
426, 0, 118, 23
2, 0, 542, 23
428, 0, 116, 23
1, 0, 543, 23
1, 0, 543, 23
520, 23, 24, 0
520, 23, 24, 0
520, 23, 24, 0
346, 1, 198, 22
294, 1, 250, 22
52, 0, 492, 23
428, 22, 116, 1
520, 23, 24, 0
174, 22, 370, 1
174, 0, 370, 23
174, 22, 370, 1
174, 22, 370, 1
174, 22, 370, 1
520, 23, 24, 0
0, 23, 544, 0
520, 0, 24, 23
92, 0, 452, 23
428, 0, 116, 23
520, 23, 24, 0
174, 22, 370, 1
174, 22, 370, 1
174, 22, 370, 1
174, 22, 370, 1
174, 22, 370, 1
174, 22, 370, 1
520, 23, 24, 0
92, 23, 452, 0
520, 23, 24, 0
169, 0, 375, 23
520, 23, 24, 0
520, 23, 24, 0
520, 23, 24, 0
520, 23, 24, 0
351, 21, 193, 2
520, 23, 24, 0
520, 23, 24, 0
174, 22, 370, 1
174, 22, 370, 1
346, 1, 198, 22
0, 1, 544, 22
0, 1, 544, 22
0, 1, 544, 22
346, 0, 198, 23
92, 0, 452, 23
92, 0, 452, 23
92, 0, 452, 23
92, 0, 452, 23
92, 0, 452, 23
92, 0, 452, 23
254, 0, 290, 23
254, 0, 290, 23
254, 0, 290, 23
99, 0, 445, 23
254, 0, 290, 23
254, 0, 290, 23
520, 23, 24, 0
92, 21, 452, 2
92, 21, 452, 2
92, 21, 452, 2
92, 21, 452, 2
92, 21, 452, 2
92, 21, 452, 2
92, 21, 452, 2
520, 23, 24, 0
520, 23, 24, 0
520, 23, 24, 0
92, 0, 452, 23
428, 23, 116, 0
428, 23, 116, 0
77, 4, 467, 19
77, 4, 467, 19
77, 4, 467, 19
77, 4, 467, 19
428, 23, 116, 0
169, 0, 375, 23
169, 0, 375, 23
520, 23, 24, 0
428, 0, 116, 23
428, 0, 116, 23
428, 0, 116, 23
428, 0, 116, 23
428, 0, 116, 23
428, 0, 116, 23
169, 0, 375, 23
169, 0, 375, 23
169, 0, 375, 23
169, 0, 375, 23
169, 0, 375, 23
169, 0, 375, 23
169, 0, 375, 23
169, 0, 375, 23
169, 0, 375, 23
169, 0, 375, 23
169, 0, 375, 23
169, 0, 375, 23
7, 0, 537, 23
169, 0, 375, 23
169, 0, 375, 23
169, 0, 375, 23
169, 0, 375, 23
33, 0, 511, 23
169, 0, 375, 23
169, 0, 375, 23
7, 0, 537, 23
7, 0, 537, 23
7, 0, 537, 23
7, 0, 537, 23
169, 0, 375, 23
169, 0, 375, 23
259, 0, 285, 23
259, 0, 285, 23
259, 0, 285, 23
259, 0, 285, 23
428, 0, 116, 23
428, 0, 116, 23
169, 0, 375, 23
428, 0, 116, 23
428, 0, 116, 23
428, 0, 116, 23
428, 0, 116, 23
6, 0, 538, 23
428, 0, 116, 23
428, 0, 116, 23
169, 0, 375, 23
428, 0, 116, 23
428, 0, 116, 23
254, 0, 290, 23
428, 0, 116, 23
214, 0, 330, 23
13, 0, 531, 23
214, 0, 330, 23
214, 0, 330, 23
214, 0, 330, 23
13, 0, 531, 23
214, 0, 330, 23
214, 0, 330, 23
428, 0, 116, 23
428, 0, 116, 23
428, 0, 116, 23
428, 0, 116, 23
428, 0, 116, 23
428, 0, 116, 23
428, 0, 116, 23
428, 0, 116, 23
428, 0, 116, 23
340, 0, 204, 23
340, 0, 204, 23
428, 0, 116, 23
428, 0, 116, 23
428, 0, 116, 23
340, 0, 204, 23
340, 0, 204, 23
428, 0, 116, 23
428, 0, 116, 23
428, 0, 116, 23
428, 0, 116, 23
428, 0, 116, 23
428, 0, 116, 23
428, 0, 116, 23
428, 0, 116, 23
428, 0, 116, 23
428, 0, 116, 23
428, 0, 116, 23
428, 0, 116, 23
428, 0, 116, 23
428, 0, 116, 23
227, 0, 317, 23
428, 0, 116, 23
428, 0, 116, 23
428, 0, 116, 23
520, 23, 24, 0
520, 23, 24, 0
520, 23, 24, 0
520, 23, 24, 0
520, 23, 24, 0
520, 23, 24, 0
520, 23, 24, 0
520, 23, 24, 0
520, 23, 24, 0
520, 23, 24, 0
520, 23, 24, 0
520, 23, 24, 0
520, 23, 24, 0
520, 23, 24, 0
167, 0, 377, 23
167, 0, 377, 23
353, 23, 191, 0
520, 23, 24, 0
520, 23, 24, 0
162, 0, 382, 23
162, 0, 382, 23
162, 0, 382, 23
162, 0, 382, 23
162, 0, 382, 23
520, 23, 24, 0
520, 23, 24, 0
520, 23, 24, 0
520, 23, 24, 0
92, 0, 452, 23
92, 0, 452, 23
92, 0, 452, 23
92, 0, 452, 23
92, 0, 452, 23
92, 0, 452, 23
92, 0, 452, 23
40, 0, 504, 23
52, 0, 492, 23
92, 0, 452, 23
92, 0, 452, 23
92, 0, 452, 23
520, 23, 24, 0
92, 0, 452, 23
428, 23, 116, 0
0, 23, 544, 0
428, 0, 116, 23
520, 23, 24, 0
351, 21, 193, 2
351, 21, 193, 2
351, 21, 193, 2
520, 23, 24, 0
174, 22, 370, 1
174, 22, 370, 1
174, 22, 370, 1
0, 0, 544, 23
174, 22, 370, 1
174, 22, 370, 1
520, 23, 24, 0
242, 10, 302, 13
242, 10, 302, 13
242, 10, 302, 13
242, 10, 302, 13
241, 10, 303, 13
242, 10, 302, 13
520, 23, 24, 0
169, 0, 375, 23
169, 0, 375, 23
169, 0, 375, 23
169, 0, 375, 23
169, 0, 375, 23
33, 0, 511, 23
33, 0, 511, 23
33, 0, 511, 23
33, 0, 511, 23
33, 0, 511, 23
33, 0, 511, 23
169, 0, 375, 23
169, 0, 375, 23
169, 0, 375, 23
169, 0, 375, 23
169, 0, 375, 23
33, 0, 511, 23
33, 0, 511, 23
33, 0, 511, 23
169, 0, 375, 23
169, 0, 375, 23
169, 0, 375, 23
351, 23, 193, 0
351, 23, 193, 0
351, 23, 193, 0
351, 23, 193, 0
520, 23, 24, 0
167, 0, 377, 23
167, 0, 377, 23
167, 0, 377, 23
167, 0, 377, 23
167, 0, 377, 23
353, 23, 191, 0
353, 23, 191, 0
520, 23, 24, 0
520, 23, 24, 0
162, 0, 382, 23
162, 0, 382, 23
162, 0, 382, 23
162, 0, 382, 23
162, 0, 382, 23
358, 23, 186, 0
520, 23, 24, 0
520, 23, 24, 0
520, 23, 24, 0
520, 23, 24, 0
230, 10, 314, 13
230, 10, 314, 13
290, 13, 254, 10
290, 13, 254, 10
290, 13, 254, 10
290, 13, 254, 10
290, 13, 254, 10
290, 13, 254, 10
290, 13, 254, 10
290, 13, 254, 10
290, 13, 254, 10
520, 23, 24, 0
520, 23, 24, 0
520, 23, 24, 0
520, 23, 24, 0
520, 23, 24, 0
167, 0, 377, 23
167, 0, 377, 23
167, 0, 377, 23
167, 0, 377, 23
167, 0, 377, 23
167, 0, 377, 23
167, 0, 377, 23
167, 0, 377, 23
520, 23, 24, 0
520, 23, 24, 0
520, 23, 24, 0
520, 23, 24, 0
520, 23, 24, 0
520, 23, 24, 0
520, 23, 24, 0
520, 23, 24, 0
520, 23, 24, 0
162, 0, 382, 23
162, 0, 382, 23
162, 0, 382, 23
162, 0, 382, 23
162, 0, 382, 23
162, 0, 382, 23
162, 0, 382, 23
162, 0, 382, 23
162, 0, 382, 23
162, 0, 382, 23
162, 0, 382, 23
162, 0, 382, 23
162, 0, 382, 23
520, 23, 24, 0
520, 23, 24, 0
242, 10, 302, 13
242, 10, 302, 13
242, 10, 302, 13
242, 10, 302, 13
242, 10, 302, 13
242, 10, 302, 13
242, 10, 302, 13
242, 10, 302, 13
242, 10, 302, 13
242, 10, 302, 13
242, 10, 302, 13
242, 10, 302, 13
242, 10, 302, 13
242, 10, 302, 13
242, 10, 302, 13
242, 10, 302, 13
242, 10, 302, 13
242, 10, 302, 13
242, 10, 302, 13
242, 10, 302, 13
242, 10, 302, 13
242, 10, 302, 13
242, 10, 302, 13
242, 10, 302, 13
242, 10, 302, 13
242, 10, 302, 13
242, 10, 302, 13
242, 10, 302, 13
242, 10, 302, 13
242, 10, 302, 13
242, 10, 302, 13
520, 23, 24, 0
520, 23, 24, 0
520, 23, 24, 0
520, 23, 24, 0
520, 23, 24, 0
520, 23, 24, 0
514, 23, 30, 0
514, 23, 30, 0
514, 23, 30, 0
520, 23, 24, 0
514, 23, 30, 0
514, 23, 30, 0
514, 23, 30, 0
520, 23, 24, 0
520, 23, 24, 0
520, 23, 24, 0
92, 23, 452, 0
428, 0, 116, 23
1, 0, 543, 23
1, 0, 543, 23
427, 0, 117, 23
520, 23, 24, 0
520, 23, 24, 0
520, 23, 24, 0
95, 4, 449, 19
520, 23, 24, 0
520, 23, 24, 0
520, 23, 24, 0
520, 23, 24, 0
520, 23, 24, 0
520, 23, 24, 0
520, 23, 24, 0
520, 23, 24, 0
520, 23, 24, 0
162, 0, 382, 23
162, 0, 382, 23
162, 0, 382, 23
162, 0, 382, 23
520, 23, 24, 0
520, 23, 24, 0
520, 23, 24, 0
108, 4, 436, 19
520, 23, 24, 0
529, 23, 15, 0
529, 23, 15, 0
529, 23, 15, 0
5, 0, 539, 23
5, 0, 539, 23
529, 23, 15, 0
529, 23, 15, 0
529, 23, 15, 0
544, 23, 0, 0
544, 23, 0, 0
0, 0, 544, 23
544, 23, 0, 0
544, 23, 0, 0
0, 0, 544, 23
544, 23, 0, 0
5, 0, 539, 23
5, 0, 539, 23
5, 0, 539, 23
0, 0, 544, 23
5, 0, 539, 23
5, 0, 539, 23
7, 0, 537, 23
7, 0, 537, 23
7, 0, 537, 23
0, 0, 544, 23
7, 0, 537, 23
7, 0, 537, 23
520, 23, 24, 0
520, 23, 24, 0
520, 23, 24, 0
520, 23, 24, 0
520, 23, 24, 0
520, 23, 24, 0
520, 23, 24, 0
520, 23, 24, 0
525, 23, 19, 0
525, 23, 19, 0
0, 0, 544, 23
525, 23, 19, 0
1, 0, 543, 23
524, 23, 20, 0
4, 0, 540, 23
4, 0, 540, 23
529, 23, 15, 0
529, 23, 15, 0
529, 23, 15, 0
529, 23, 15, 0
0, 0, 544, 23
529, 23, 15, 0
529, 23, 15, 0
409, 18, 135, 5
409, 18, 135, 5
409, 18, 135, 5
409, 18, 135, 5
409, 18, 135, 5
305, 12, 239, 11
305, 12, 239, 11
305, 12, 239, 11
305, 12, 239, 11
305, 12, 239, 11
305, 12, 239, 11
305, 12, 239, 11
4, 0, 540, 23
304, 12, 240, 11
302, 12, 242, 11
0, 0, 544, 23
0, 0, 544, 23
303, 12, 241, 11
303, 12, 241, 11
303, 12, 241, 11
305, 12, 239, 11
520, 23, 24, 0
520, 23, 24, 0
515, 23, 29, 0
520, 23, 24, 0
520, 23, 24, 0
520, 23, 24, 0
520, 23, 24, 0
515, 23, 29, 0
515, 23, 29, 0
515, 23, 29, 0
510, 23, 34, 0
510, 23, 34, 0
515, 23, 29, 0
515, 23, 29, 0
15, 0, 529, 23
15, 0, 529, 23
15, 0, 529, 23
0, 0, 544, 23
0, 0, 544, 23
0, 0, 544, 23
0, 0, 544, 23
1, 0, 543, 23
1, 0, 543, 23
1, 0, 543, 23
0, 0, 544, 23
3, 0, 541, 23
3, 0, 541, 23
3, 0, 541, 23
0, 0, 544, 23
1, 0, 543, 23
1, 0, 543, 23
1, 0, 543, 23
1, 0, 543, 23
1, 0, 543, 23
1, 0, 543, 23
1, 0, 543, 23
1, 0, 543, 23
1, 0, 543, 23
529, 23, 15, 0
529, 23, 15, 0
526, 23, 18, 0
526, 23, 18, 0
517, 23, 27, 0
526, 23, 18, 0
529, 23, 15, 0
529, 23, 15, 0
529, 23, 15, 0
529, 23, 15, 0
529, 23, 15, 0
529, 23, 15, 0
529, 23, 15, 0
529, 23, 15, 0
529, 23, 15, 0
529, 23, 15, 0
529, 23, 15, 0
529, 23, 15, 0
0, 23, 544, 0
0, 23, 544, 0
0, 23, 544, 0
0, 23, 544, 0
0, 23, 544, 0
0, 23, 544, 0
0, 23, 544, 0
0, 23, 544, 0
0, 23, 544, 0
0, 23, 544, 0
493, 23, 51, 0
493, 23, 51, 0
468, 18, 76, 5
468, 18, 76, 5
493, 23, 51, 0
493, 23, 51, 0
488, 23, 56, 0
493, 23, 51, 0
493, 23, 51, 0
493, 23, 51, 0
95, 4, 449, 19
95, 4, 449, 19
95, 4, 449, 19
95, 4, 449, 19
216, 8, 328, 15
216, 8, 328, 15
1, 0, 543, 23
1, 0, 543, 23
210, 8, 334, 15
1, 0, 543, 23
115, 4, 429, 19
4, 0, 540, 23
1, 0, 543, 23
5, 0, 539, 23
5, 0, 539, 23
5, 0, 539, 23
5, 0, 539, 23
5, 0, 539, 23
5, 0, 539, 23
5, 0, 539, 23
5, 0, 539, 23
1, 0, 543, 23
1, 0, 543, 23
1, 0, 543, 23
1, 0, 543, 23
1, 0, 543, 23
1, 0, 543, 23
1, 0, 543, 23
1, 0, 543, 23
96, 4, 448, 19
5, 0, 539, 23
5, 0, 539, 23
5, 0, 539, 23
15, 1, 529, 22
15, 1, 529, 22
15, 1, 529, 22
13, 1, 531, 22
13, 1, 531, 22
14, 1, 530, 22
13, 1, 531, 22
14, 1, 530, 22
13, 1, 531, 22
14, 1, 530, 22
15, 1, 529, 22
15, 1, 529, 22
13, 1, 531, 22
13, 1, 531, 22
13, 1, 531, 22
13, 1, 531, 22
13, 1, 531, 22
33, 0, 511, 23
33, 0, 511, 23
0, 0, 544, 23
33, 0, 511, 23
33, 0, 511, 23
0, 0, 544, 23
33, 0, 511, 23
529, 23, 15, 0
529, 23, 15, 0
529, 23, 15, 0
529, 23, 15, 0
529, 23, 15, 0
527, 23, 17, 0
527, 23, 17, 0
527, 23, 17, 0
527, 23, 17, 0
527, 23, 17, 0
527, 23, 17, 0
527, 23, 17, 0
527, 23, 17, 0
0, 0, 544, 23
529, 23, 15, 0
529, 23, 15, 0
2, 0, 542, 23
527, 23, 17, 0
92, 0, 452, 23
92, 0, 452, 23
92, 0, 452, 23
92, 0, 452, 23
92, 0, 452, 23
92, 0, 452, 23
84, 0, 460, 23
92, 0, 452, 23
92, 0, 452, 23
0, 0, 544, 23
0, 0, 544, 23
0, 0, 544, 23
0, 0, 544, 23
0, 0, 544, 23
520, 23, 24, 0
520, 23, 24, 0
520, 23, 24, 0
520, 23, 24, 0
520, 23, 24, 0
520, 23, 24, 0
528, 23, 16, 0
528, 23, 16, 0
411, 19, 133, 4
528, 23, 16, 0
528, 23, 16, 0
528, 23, 16, 0
528, 23, 16, 0
95, 4, 449, 19
95, 4, 449, 19
95, 4, 449, 19
94, 4, 450, 19
95, 4, 449, 19
13, 1, 531, 22
13, 1, 531, 22
13, 1, 531, 22
13, 1, 531, 22
13, 1, 531, 22
13, 1, 531, 22
13, 1, 531, 22
13, 1, 531, 22
13, 1, 531, 22
13, 1, 531, 22
13, 1, 531, 22
13, 1, 531, 22
13, 1, 531, 22
13, 1, 531, 22
95, 4, 449, 19
95, 4, 449, 19
95, 4, 449, 19
95, 4, 449, 19
95, 4, 449, 19
95, 4, 449, 19
0, 0, 544, 23
0, 0, 544, 23
0, 0, 544, 23
95, 4, 449, 19
95, 4, 449, 19
0, 0, 544, 23
95, 4, 449, 19
95, 4, 449, 19
95, 4, 449, 19
95, 4, 449, 19
95, 4, 449, 19
95, 4, 449, 19
528, 23, 16, 0
528, 23, 16, 0
528, 23, 16, 0
528, 23, 16, 0
5, 0, 539, 23
528, 23, 16, 0
528, 23, 16, 0
528, 23, 16, 0
33, 0, 511, 23
33, 0, 511, 23
1, 0, 543, 23
33, 0, 511, 23
528, 23, 16, 0
528, 23, 16, 0
66, 4, 478, 19
66, 4, 478, 19
66, 4, 478, 19
66, 4, 478, 19
62, 4, 482, 19
62, 4, 482, 19
66, 4, 478, 19
66, 4, 478, 19
66, 4, 478, 19
528, 23, 16, 0
528, 23, 16, 0
528, 23, 16, 0
528, 23, 16, 0
528, 23, 16, 0
528, 23, 16, 0
0, 0, 544, 23
528, 23, 16, 0
0, 0, 544, 23
528, 23, 16, 0
528, 23, 16, 0
528, 23, 16, 0
528, 23, 16, 0
528, 23, 16, 0
95, 4, 449, 19
95, 4, 449, 19
0, 0, 544, 23
95, 4, 449, 19
95, 4, 449, 19
0, 0, 544, 23
0, 0, 544, 23
0, 0, 544, 23
0, 0, 544, 23
95, 4, 449, 19
0, 0, 544, 23
528, 23, 16, 0
528, 23, 16, 0
0, 0, 544, 23
528, 23, 16, 0
0, 0, 544, 23
528, 23, 16, 0
528, 23, 16, 0
528, 23, 16, 0
528, 23, 16, 0
389, 17, 155, 6
389, 17, 155, 6
390, 17, 154, 6
390, 17, 154, 6
389, 17, 155, 6
389, 17, 155, 6
390, 17, 154, 6
390, 17, 154, 6
390, 17, 154, 6
390, 17, 154, 6
297, 13, 247, 10
297, 13, 247, 10
0, 0, 544, 23
297, 13, 247, 10
0, 0, 544, 23
297, 13, 247, 10
297, 13, 247, 10
297, 13, 247, 10
297, 13, 247, 10
107, 4, 437, 19
107, 4, 437, 19
297, 13, 247, 10
94, 5, 450, 18
94, 5, 450, 18
204, 8, 340, 15
204, 8, 340, 15
204, 8, 340, 15
204, 8, 340, 15
297, 13, 247, 10
297, 13, 247, 10
405, 19, 139, 4
405, 19, 139, 4
0, 0, 544, 23
0, 0, 544, 23
405, 19, 139, 4
405, 19, 139, 4
405, 19, 139, 4
95, 4, 449, 19
95, 4, 449, 19
95, 4, 449, 19
94, 4, 450, 19
94, 4, 450, 19
95, 4, 449, 19
95, 4, 449, 19
95, 4, 449, 19
95, 4, 449, 19
95, 4, 449, 19
95, 4, 449, 19
529, 23, 15, 0
529, 23, 15, 0
1, 0, 543, 23
0, 0, 544, 23
1, 0, 543, 23
1, 0, 543, 23
1, 0, 543, 23
1, 0, 543, 23
1, 0, 543, 23
1, 0, 543, 23
1, 0, 543, 23
1, 0, 543, 23
1, 0, 543, 23
1, 0, 543, 23
529, 23, 15, 0
529, 23, 15, 0
529, 23, 15, 0
529, 23, 15, 0
529, 23, 15, 0
529, 23, 15, 0
529, 23, 15, 0
529, 23, 15, 0
529, 23, 15, 0
529, 23, 15, 0
529, 23, 15, 0
529, 23, 15, 0
519, 23, 25, 0
518, 23, 26, 0
292, 1, 252, 22
529, 23, 15, 0
528, 23, 16, 0
528, 23, 16, 0
528, 23, 16, 0
528, 23, 16, 0
0, 0, 544, 23
528, 23, 16, 0
528, 23, 16, 0
528, 23, 16, 0
529, 23, 15, 0
529, 23, 15, 0
3, 0, 541, 23
3, 0, 541, 23
3, 0, 541, 23
3, 0, 541, 23
3, 0, 541, 23
529, 23, 15, 0
0, 0, 544, 23
529, 23, 15, 0
529, 23, 15, 0
529, 23, 15, 0
529, 23, 15, 0
529, 23, 15, 0
529, 23, 15, 0
529, 23, 15, 0
6, 0, 538, 23
1, 0, 543, 23
5, 0, 539, 23
529, 23, 15, 0
529, 23, 15, 0
0, 0, 544, 23
529, 23, 15, 0
5, 0, 539, 23
5, 0, 539, 23
529, 23, 15, 0
529, 23, 15, 0
529, 23, 15, 0
529, 23, 15, 0
529, 23, 15, 0
529, 23, 15, 0
529, 23, 15, 0
409, 18, 135, 5
409, 18, 135, 5
409, 18, 135, 5
409, 18, 135, 5
409, 18, 135, 5
413, 18, 131, 5
413, 18, 131, 5
413, 18, 131, 5
124, 4, 420, 19
120, 4, 424, 19
5, 0, 539, 23
409, 18, 135, 5
529, 23, 15, 0
529, 23, 15, 0
529, 23, 15, 0
529, 23, 15, 0
529, 23, 15, 0
529, 23, 15, 0
529, 23, 15, 0
113, 4, 431, 19
113, 4, 431, 19
1, 0, 543, 23
113, 4, 431, 19
113, 4, 431, 19
113, 4, 431, 19
0, 0, 544, 23
0, 0, 544, 23
0, 0, 544, 23
0, 0, 544, 23
0, 0, 544, 23
0, 0, 544, 23
0, 0, 544, 23
0, 0, 544, 23
0, 0, 544, 23
0, 0, 544, 23
529, 23, 15, 0
529, 23, 15, 0
529, 23, 15, 0
0, 0, 544, 23
529, 23, 15, 0
529, 23, 15, 0
0, 0, 544, 23
529, 23, 15, 0
529, 23, 15, 0
529, 23, 15, 0
529, 23, 15, 0
529, 23, 15, 0
6, 0, 538, 23
6, 0, 538, 23
428, 0, 116, 23
428, 0, 116, 23
428, 0, 116, 23
428, 0, 116, 23
428, 0, 116, 23
428, 0, 116, 23
428, 0, 116, 23
428, 0, 116, 23
341, 0, 203, 23
341, 0, 203, 23
340, 0, 204, 23
340, 0, 204, 23
340, 0, 204, 23
190, 0, 354, 23
190, 0, 354, 23
190, 0, 354, 23
190, 0, 354, 23
428, 0, 116, 23
428, 0, 116, 23
272, 0, 272, 23
272, 0, 272, 23
3, 0, 541, 23
3, 0, 541, 23
3, 0, 541, 23
428, 0, 116, 23
428, 0, 116, 23
340, 0, 204, 23
190, 0, 354, 23
190, 0, 354, 23
428, 0, 116, 23
428, 0, 116, 23
102, 0, 442, 23
428, 0, 116, 23
428, 0, 116, 23
428, 0, 116, 23
428, 0, 116, 23
428, 0, 116, 23
428, 0, 116, 23
214, 0, 330, 23
214, 0, 330, 23
428, 0, 116, 23
0, 0, 544, 23
428, 0, 116, 23
340, 0, 204, 23
340, 0, 204, 23
340, 0, 204, 23
340, 0, 204, 23
173, 0, 371, 23
173, 0, 371, 23
173, 0, 371, 23
173, 0, 371, 23
167, 0, 377, 23
167, 0, 377, 23
167, 0, 377, 23
340, 0, 204, 23
428, 0, 116, 23
29, 0, 515, 23
29, 0, 515, 23
29, 0, 515, 23
29, 0, 515, 23
29, 0, 515, 23
29, 0, 515, 23
29, 0, 515, 23
29, 0, 515, 23
92, 0, 452, 23
92, 0, 452, 23
92, 0, 452, 23
0, 0, 544, 23
92, 0, 452, 23
92, 0, 452, 23
92, 0, 452, 23
0, 0, 544, 23
92, 0, 452, 23
92, 0, 452, 23
92, 0, 452, 23
60, 0, 484, 23
92, 0, 452, 23
92, 0, 452, 23
10, 0, 534, 23
92, 0, 452, 23
92, 0, 452, 23
92, 0, 452, 23
92, 0, 452, 23
92, 0, 452, 23
92, 0, 452, 23
92, 0, 452, 23
92, 0, 452, 23
55, 0, 489, 23
92, 0, 452, 23
92, 0, 452, 23
55, 0, 489, 23
55, 0, 489, 23
520, 23, 24, 0
520, 23, 24, 0
520, 23, 24, 0
520, 23, 24, 0
520, 23, 24, 0
520, 23, 24, 0
214, 0, 330, 23
214, 0, 330, 23
211, 0, 333, 23
211, 0, 333, 23
214, 0, 330, 23
520, 23, 24, 0
428, 0, 116, 23
428, 0, 116, 23
428, 0, 116, 23
428, 0, 116, 23
18, 0, 526, 23
428, 0, 116, 23
428, 0, 116, 23
428, 0, 116, 23
428, 0, 116, 23
428, 0, 116, 23
428, 0, 116, 23
428, 0, 116, 23
428, 0, 116, 23
428, 0, 116, 23
428, 0, 116, 23
428, 0, 116, 23
428, 0, 116, 23
428, 0, 116, 23
428, 0, 116, 23
428, 0, 116, 23
204, 0, 340, 23
428, 0, 116, 23
428, 0, 116, 23
428, 0, 116, 23
428, 0, 116, 23
428, 0, 116, 23
428, 0, 116, 23
421, 0, 123, 23
421, 0, 123, 23
423, 0, 121, 23
423, 0, 121, 23
423, 0, 121, 23
423, 0, 121, 23
191, 0, 353, 23
191, 0, 353, 23
140, 0, 404, 23
191, 0, 353, 23
0, 0, 544, 23
191, 0, 353, 23
191, 0, 353, 23
151, 0, 393, 23
151, 0, 393, 23
151, 0, 393, 23
151, 0, 393, 23
1, 0, 543, 23
151, 0, 393, 23
375, 0, 169, 23
423, 0, 121, 23
423, 0, 121, 23
423, 0, 121, 23
1, 0, 543, 23
423, 0, 121, 23
423, 0, 121, 23
423, 0, 121, 23
423, 0, 121, 23
423, 0, 121, 23
423, 0, 121, 23
423, 0, 121, 23
423, 0, 121, 23
197, 0, 347, 23
423, 0, 121, 23
428, 0, 116, 23
428, 0, 116, 23
223, 0, 321, 23
428, 0, 116, 23
282, 0, 262, 23
0, 0, 544, 23
428, 0, 116, 23
428, 0, 116, 23
428, 0, 116, 23
428, 0, 116, 23
428, 0, 116, 23
319, 0, 225, 23
319, 0, 225, 23
0, 0, 544, 23
428, 0, 116, 23
428, 0, 116, 23
428, 0, 116, 23
0, 0, 544, 23
0, 0, 544, 23
0, 0, 544, 23
428, 0, 116, 23
428, 0, 116, 23
428, 0, 116, 23
235, 0, 309, 23
428, 0, 116, 23
428, 0, 116, 23
428, 0, 116, 23
428, 0, 116, 23
428, 0, 116, 23
428, 0, 116, 23
428, 0, 116, 23
340, 0, 204, 23
340, 0, 204, 23
340, 0, 204, 23
340, 0, 204, 23
340, 0, 204, 23
0, 0, 544, 23
0, 0, 544, 23
0, 0, 544, 23
340, 0, 204, 23
340, 0, 204, 23
325, 0, 219, 23
340, 0, 204, 23
340, 0, 204, 23
340, 0, 204, 23
173, 0, 371, 23
340, 0, 204, 23
340, 0, 204, 23
340, 0, 204, 23
340, 0, 204, 23
428, 0, 116, 23
428, 0, 116, 23
152, 0, 392, 23
58, 0, 486, 23
152, 0, 392, 23
152, 0, 392, 23
139, 0, 405, 23
152, 0, 392, 23
152, 0, 392, 23
152, 0, 392, 23
152, 0, 392, 23
428, 0, 116, 23
92, 0, 452, 23
92, 0, 452, 23
92, 0, 452, 23
92, 0, 452, 23
92, 0, 452, 23
92, 0, 452, 23
92, 0, 452, 23
92, 0, 452, 23
92, 0, 452, 23
92, 0, 452, 23
92, 0, 452, 23
92, 0, 452, 23
92, 0, 452, 23
428, 0, 116, 23
428, 0, 116, 23
0, 0, 544, 23
428, 0, 116, 23
428, 0, 116, 23
428, 0, 116, 23
428, 0, 116, 23
428, 0, 116, 23
428, 0, 116, 23
428, 0, 116, 23
428, 0, 116, 23
428, 0, 116, 23
428, 0, 116, 23
428, 0, 116, 23
428, 0, 116, 23
428, 0, 116, 23
378, 0, 166, 23
378, 0, 166, 23
428, 0, 116, 23
529, 23, 15, 0
529, 23, 15, 0
0, 0, 544, 23
529, 23, 15, 0
529, 23, 15, 0
528, 23, 16, 0
528, 23, 16, 0
0, 0, 544, 23
0, 0, 544, 23
0, 0, 544, 23
528, 23, 16, 0
529, 23, 15, 0
17, 1, 527, 22
17, 1, 527, 22
17, 1, 527, 22
17, 1, 527, 22
15, 1, 529, 22
15, 1, 529, 22
16, 1, 528, 22
16, 1, 528, 22
16, 1, 528, 22
16, 1, 528, 22
1, 0, 543, 23
1, 0, 543, 23
2, 0, 542, 23
2, 0, 542, 23
2, 0, 542, 23
2, 0, 542, 23
17, 1, 527, 22
17, 1, 527, 22
17, 1, 527, 22
17, 1, 527, 22
2, 0, 542, 23
2, 0, 542, 23
17, 1, 527, 22
8, 0, 536, 23
8, 0, 536, 23
17, 1, 527, 22
11, 0, 533, 23
16, 1, 528, 22
17, 1, 527, 22
2, 0, 542, 23
2, 0, 542, 23
6, 0, 538, 23
6, 0, 538, 23
2, 0, 542, 23
2, 0, 542, 23
16, 1, 528, 22
16, 1, 528, 22
0, 0, 544, 23
529, 23, 15, 0
529, 23, 15, 0
529, 23, 15, 0
529, 23, 15, 0
529, 23, 15, 0
529, 23, 15, 0
529, 23, 15, 0
529, 23, 15, 0
529, 23, 15, 0
529, 23, 15, 0
529, 23, 15, 0
529, 23, 15, 0
529, 23, 15, 0
529, 23, 15, 0
529, 23, 15, 0
529, 23, 15, 0
0, 0, 544, 23
0, 0, 544, 23
0, 0, 544, 23
0, 0, 544, 23
0, 0, 544, 23
0, 0, 544, 23
0, 0, 544, 23
0, 0, 544, 23
0, 0, 544, 23
0, 0, 544, 23
0, 0, 544, 23
0, 0, 544, 23
0, 0, 544, 23
0, 0, 544, 23
0, 0, 544, 23
0, 0, 544, 23
0, 0, 544, 23
0, 0, 544, 23
0, 0, 544, 23
0, 0, 544, 23
529, 23, 15, 0
529, 23, 15, 0
529, 23, 15, 0
529, 23, 15, 0
529, 23, 15, 0
529, 23, 15, 0
529, 23, 15, 0
528, 23, 16, 0
528, 23, 16, 0
529, 23, 15, 0
529, 23, 15, 0
529, 23, 15, 0
529, 23, 15, 0
529, 23, 15, 0
529, 23, 15, 0
0, 0, 544, 23
529, 23, 15, 0
529, 23, 15, 0
529, 23, 15, 0
0, 0, 544, 23
529, 23, 15, 0
528, 23, 16, 0
529, 23, 15, 0
529, 23, 15, 0
529, 23, 15, 0
529, 23, 15, 0
529, 23, 15, 0
529, 23, 15, 0
529, 23, 15, 0
529, 23, 15, 0
529, 23, 15, 0
3, 0, 541, 23
529, 23, 15, 0
529, 23, 15, 0
529, 23, 15, 0
529, 23, 15, 0
529, 23, 15, 0
528, 23, 16, 0
528, 23, 16, 0
528, 23, 16, 0
528, 23, 16, 0
528, 23, 16, 0
528, 23, 16, 0
528, 23, 16, 0
528, 23, 16, 0
3, 0, 541, 23
525, 23, 19, 0
528, 23, 16, 0
528, 23, 16, 0
529, 23, 15, 0
529, 23, 15, 0
529, 23, 15, 0
0, 0, 544, 23
0, 0, 544, 23
529, 23, 15, 0
529, 23, 15, 0
529, 23, 15, 0
529, 23, 15, 0
1, 0, 543, 23
1, 0, 543, 23
7, 0, 537, 23
7, 0, 537, 23
0, 0, 544, 23
0, 0, 544, 23
7, 0, 537, 23
7, 0, 537, 23
0, 0, 544, 23
0, 0, 544, 23
529, 23, 15, 0
529, 23, 15, 0
529, 23, 15, 0
529, 23, 15, 0
529, 23, 15, 0
529, 23, 15, 0
0, 0, 544, 23
0, 0, 544, 23
0, 0, 544, 23
0, 0, 544, 23
0, 0, 544, 23
0, 0, 544, 23
0, 0, 544, 23
0, 0, 544, 23
0, 0, 544, 23
3, 0, 541, 23
3, 0, 541, 23
3, 0, 541, 23
3, 0, 541, 23
3, 0, 541, 23
95, 4, 449, 19
95, 4, 449, 19
95, 4, 449, 19
95, 4, 449, 19
95, 4, 449, 19
95, 4, 449, 19
95, 4, 449, 19
95, 4, 449, 19
0, 0, 544, 23
95, 4, 449, 19
523, 23, 21, 0
523, 23, 21, 0
523, 23, 21, 0
523, 23, 21, 0
523, 23, 21, 0
523, 23, 21, 0
4, 0, 540, 23
4, 0, 540, 23
6, 0, 538, 23
6, 0, 538, 23
6, 0, 538, 23
6, 0, 538, 23
6, 0, 538, 23
0, 0, 544, 23
6, 0, 538, 23
6, 0, 538, 23
3, 0, 541, 23
3, 0, 541, 23
2, 0, 542, 23
2, 0, 542, 23
2, 0, 542, 23
2, 0, 542, 23
6, 0, 538, 23
6, 0, 538, 23
0, 0, 544, 23
0, 0, 544, 23
6, 0, 538, 23
0, 0, 544, 23
6, 0, 538, 23
0, 0, 544, 23
6, 0, 538, 23
6, 0, 538, 23
95, 4, 449, 19
93, 4, 451, 19
95, 4, 449, 19
95, 4, 449, 19
95, 4, 449, 19
2, 0, 542, 23
0, 0, 544, 23
2, 0, 542, 23
2, 0, 542, 23
95, 4, 449, 19
33, 0, 511, 23
33, 0, 511, 23
62, 4, 482, 19
95, 4, 449, 19
95, 4, 449, 19
0, 0, 544, 23
0, 0, 544, 23
97, 4, 447, 19
97, 4, 447, 19
97, 4, 447, 19
97, 4, 447, 19
97, 4, 447, 19
97, 4, 447, 19
0, 0, 544, 23
0, 0, 544, 23
97, 4, 447, 19
0, 0, 544, 23
0, 0, 544, 23
97, 4, 447, 19
31, 0, 513, 23
31, 0, 513, 23
97, 4, 447, 19
97, 4, 447, 19
97, 4, 447, 19
97, 4, 447, 19
524, 23, 20, 0
524, 23, 20, 0
0, 0, 544, 23
0, 0, 544, 23
0, 0, 544, 23
524, 23, 20, 0
297, 13, 247, 10
297, 13, 247, 10
297, 13, 247, 10
524, 23, 20, 0
524, 23, 20, 0
96, 4, 448, 19
0, 0, 544, 23
96, 4, 448, 19
96, 4, 448, 19
3, 0, 541, 23
93, 4, 451, 19
96, 4, 448, 19
96, 4, 448, 19
96, 4, 448, 19
96, 4, 448, 19
503, 23, 41, 0
503, 23, 41, 0
524, 23, 20, 0
524, 23, 20, 0
389, 17, 155, 6
389, 17, 155, 6
389, 17, 155, 6
217, 10, 327, 13
217, 10, 327, 13
217, 10, 327, 13
3, 0, 541, 23
3, 0, 541, 23
3, 0, 541, 23
95, 4, 449, 19
95, 4, 449, 19
0, 0, 544, 23
0, 0, 544, 23
95, 4, 449, 19
0, 0, 544, 23
0, 0, 544, 23
0, 0, 544, 23
0, 0, 544, 23
95, 4, 449, 19
95, 4, 449, 19
94, 4, 450, 19
94, 4, 450, 19
0, 0, 544, 23
0, 0, 544, 23
94, 4, 450, 19
94, 4, 450, 19
94, 4, 450, 19
94, 4, 450, 19
0, 0, 544, 23
0, 0, 544, 23
94, 4, 450, 19
94, 4, 450, 19
202, 8, 342, 15
202, 8, 342, 15
202, 8, 342, 15
202, 8, 342, 15
202, 8, 342, 15
115, 0, 429, 23
202, 8, 342, 15
202, 8, 342, 15
202, 8, 342, 15
202, 8, 342, 15
409, 18, 135, 5
305, 12, 239, 11
409, 18, 135, 5
231, 1, 313, 22
409, 18, 135, 5
409, 18, 135, 5
409, 18, 135, 5
111, 4, 433, 19
111, 4, 433, 19
111, 4, 433, 19
300, 12, 244, 11
300, 12, 244, 11
173, 9, 371, 14
173, 9, 371, 14
511, 23, 33, 0
511, 23, 33, 0
0, 0, 544, 23
511, 23, 33, 0
510, 23, 34, 0
405, 18, 139, 5
405, 18, 139, 5
206, 8, 338, 15
206, 8, 338, 15
206, 8, 338, 15
219, 10, 325, 13
3, 0, 541, 23
0, 0, 544, 23
3, 0, 541, 23
0, 0, 544, 23
219, 10, 325, 13
2, 0, 542, 23
219, 10, 325, 13
219, 10, 325, 13
219, 10, 325, 13
219, 10, 325, 13
219, 10, 325, 13
219, 10, 325, 13
396, 16, 148, 7
0, 0, 544, 23
396, 16, 148, 7
396, 16, 148, 7
396, 16, 148, 7
396, 16, 148, 7
396, 16, 148, 7
409, 18, 135, 5
409, 18, 135, 5
409, 18, 135, 5
409, 18, 135, 5
300, 12, 244, 11
0, 0, 544, 23
300, 12, 244, 11
300, 12, 244, 11
300, 12, 244, 11
300, 12, 244, 11
529, 23, 15, 0
529, 23, 15, 0
529, 23, 15, 0
529, 23, 15, 0
529, 23, 15, 0
529, 23, 15, 0
508, 23, 36, 0
529, 23, 15, 0
529, 23, 15, 0
3, 0, 541, 23
3, 0, 541, 23
3, 0, 541, 23
3, 0, 541, 23
3, 0, 541, 23
3, 0, 541, 23
2, 0, 542, 23
0, 0, 544, 23
2, 0, 542, 23
3, 0, 541, 23
3, 0, 541, 23
3, 0, 541, 23
3, 0, 541, 23
3, 0, 541, 23
3, 0, 541, 23
3, 0, 541, 23
3, 0, 541, 23
3, 0, 541, 23
3, 0, 541, 23
0, 0, 544, 23
3, 0, 541, 23
3, 0, 541, 23
3, 0, 541, 23
3, 0, 541, 23
0, 0, 544, 23
0, 0, 544, 23
0, 0, 544, 23
0, 0, 544, 23
3, 0, 541, 23
0, 0, 544, 23
3, 0, 541, 23
0, 0, 544, 23
3, 0, 541, 23
3, 0, 541, 23
3, 0, 541, 23
528, 23, 16, 0
528, 23, 16, 0
0, 0, 544, 23
0, 0, 544, 23
528, 23, 16, 0
0, 0, 544, 23
0, 0, 544, 23
0, 0, 544, 23
0, 0, 544, 23
0, 0, 544, 23
6, 0, 538, 23
6, 0, 538, 23
6, 0, 538, 23
1, 0, 543, 23
6, 0, 538, 23
6, 0, 538, 23
6, 0, 538, 23
6, 0, 538, 23
6, 0, 538, 23
6, 0, 538, 23
6, 0, 538, 23
2, 0, 542, 23
2, 0, 542, 23
2, 0, 542, 23
2, 0, 542, 23
6, 0, 538, 23
6, 0, 538, 23
6, 0, 538, 23
6, 0, 538, 23
0, 0, 544, 23
0, 0, 544, 23
0, 0, 544, 23
1, 0, 543, 23
1, 0, 543, 23
1, 0, 543, 23
1, 0, 543, 23
7, 0, 537, 23
7, 0, 537, 23
7, 0, 537, 23
40, 0, 504, 23
40, 0, 504, 23
39, 0, 505, 23
39, 0, 505, 23
40, 0, 504, 23
46, 0, 498, 23
46, 0, 498, 23
46, 0, 498, 23
3, 0, 541, 23
3, 0, 541, 23
529, 23, 15, 0
529, 23, 15, 0
529, 23, 15, 0
529, 23, 15, 0
529, 23, 15, 0
529, 23, 15, 0
0, 0, 544, 23
529, 23, 15, 0
529, 23, 15, 0
529, 23, 15, 0
0, 0, 544, 23
529, 23, 15, 0
529, 23, 15, 0
529, 23, 15, 0
529, 23, 15, 0
529, 23, 15, 0
529, 23, 15, 0
529, 23, 15, 0
529, 23, 15, 0
529, 23, 15, 0
529, 23, 15, 0
529, 23, 15, 0
529, 23, 15, 0
529, 23, 15, 0
529, 23, 15, 0
529, 23, 15, 0
529, 23, 15, 0
529, 23, 15, 0
529, 23, 15, 0
529, 23, 15, 0
529, 23, 15, 0
529, 23, 15, 0
529, 23, 15, 0
529, 23, 15, 0
529, 23, 15, 0
529, 23, 15, 0
529, 23, 15, 0
529, 23, 15, 0
529, 23, 15, 0
529, 23, 15, 0
529, 23, 15, 0
7, 0, 537, 23
7, 0, 537, 23
107, 4, 437, 19
107, 4, 437, 19
1, 0, 543, 23
7, 0, 537, 23
111, 4, 433, 19
111, 4, 433, 19
111, 4, 433, 19
111, 4, 433, 19
111, 4, 433, 19
7, 0, 537, 23
529, 23, 15, 0
529, 23, 15, 0
529, 23, 15, 0
529, 23, 15, 0
529, 23, 15, 0
529, 23, 15, 0
0, 0, 544, 23
0, 0, 544, 23
0, 0, 544, 23
0, 0, 544, 23
0, 0, 544, 23
0, 0, 544, 23
0, 0, 544, 23
0, 0, 544, 23
0, 0, 544, 23
0, 0, 544, 23
0, 0, 544, 23
0, 0, 544, 23
0, 0, 544, 23
0, 0, 544, 23
0, 0, 544, 23
0, 0, 544, 23
0, 0, 544, 23
0, 0, 544, 23
0, 0, 544, 23
0, 0, 544, 23
113, 4, 431, 19
113, 4, 431, 19
113, 4, 431, 19
113, 4, 431, 19
7, 0, 537, 23
121, 4, 423, 19
121, 4, 423, 19
7, 0, 537, 23
0, 0, 544, 23
0, 0, 544, 23
107, 4, 437, 19
107, 4, 437, 19
107, 4, 437, 19
107, 4, 437, 19
0, 0, 544, 23
0, 0, 544, 23
0, 0, 544, 23
0, 0, 544, 23
111, 4, 433, 19
111, 4, 433, 19
0, 0, 544, 23
0, 0, 544, 23
0, 0, 544, 23
0, 0, 544, 23
118, 4, 426, 19
118, 4, 426, 19
118, 4, 426, 19
118, 4, 426, 19
118, 4, 426, 19
7, 0, 537, 23
118, 4, 426, 19
113, 4, 431, 19
113, 4, 431, 19
113, 4, 431, 19
113, 4, 431, 19
0, 0, 544, 23
113, 4, 431, 19
113, 4, 431, 19
113, 4, 431, 19
113, 4, 431, 19
113, 4, 431, 19
0, 0, 544, 23
113, 4, 431, 19
113, 4, 431, 19
113, 4, 431, 19
0, 0, 544, 23
0, 0, 544, 23
0, 0, 544, 23
0, 0, 544, 23
0, 0, 544, 23
0, 0, 544, 23
0, 0, 544, 23
0, 0, 544, 23
0, 0, 544, 23
0, 0, 544, 23
0, 0, 544, 23
0, 0, 544, 23
0, 0, 544, 23
0, 0, 544, 23
0, 0, 544, 23
0, 0, 544, 23
0, 0, 544, 23
0, 0, 544, 23
0, 0, 544, 23
0, 0, 544, 23
528, 23, 16, 0
528, 23, 16, 0
528, 23, 16, 0
528, 23, 16, 0
0, 0, 544, 23
528, 23, 16, 0
0, 0, 544, 23
0, 0, 544, 23
529, 23, 15, 0
529, 23, 15, 0
1, 0, 543, 23
1, 0, 543, 23
1, 0, 543, 23
122, 4, 422, 19
122, 4, 422, 19
1, 0, 543, 23
1, 0, 543, 23
1, 0, 543, 23
1, 0, 543, 23
1, 0, 543, 23
1, 0, 543, 23
1, 0, 543, 23
6, 0, 538, 23
95, 4, 449, 19
300, 12, 244, 11
95, 4, 449, 19
95, 4, 449, 19
95, 4, 449, 19
95, 4, 449, 19
0, 0, 544, 23
0, 0, 544, 23
97, 4, 447, 19
97, 4, 447, 19
97, 4, 447, 19
97, 4, 447, 19
0, 0, 544, 23
0, 0, 544, 23
0, 0, 544, 23
5, 0, 539, 23
524, 23, 20, 0
524, 23, 20, 0
524, 23, 20, 0
524, 23, 20, 0
11, 0, 533, 23
11, 0, 533, 23
11, 0, 533, 23
11, 0, 533, 23
11, 0, 533, 23
6, 0, 538, 23
114, 4, 430, 19
114, 4, 430, 19
114, 4, 430, 19
409, 18, 135, 5
409, 18, 135, 5
111, 4, 433, 19
0, 0, 544, 23
111, 4, 433, 19
111, 4, 433, 19
111, 4, 433, 19
409, 18, 135, 5
409, 18, 135, 5
409, 18, 135, 5
409, 18, 135, 5
113, 4, 431, 19
113, 4, 431, 19
113, 4, 431, 19
2, 0, 542, 23
113, 4, 431, 19
113, 4, 431, 19
35, 0, 509, 23
35, 0, 509, 23
0, 0, 544, 23
78, 4, 466, 19
78, 4, 466, 19
78, 4, 466, 19
113, 4, 431, 19
507, 23, 37, 0
507, 23, 37, 0
2, 0, 542, 23
6, 0, 538, 23
0, 0, 544, 23
0, 0, 544, 23
0, 0, 544, 23
0, 0, 544, 23
6, 0, 538, 23
0, 0, 544, 23
0, 0, 544, 23
0, 0, 544, 23
300, 12, 244, 11
300, 12, 244, 11
0, 0, 544, 23
0, 0, 544, 23
0, 0, 544, 23
0, 0, 544, 23
206, 8, 338, 15
206, 8, 338, 15
206, 8, 338, 15
206, 8, 338, 15
0, 0, 544, 23
0, 0, 544, 23
0, 0, 544, 23
0, 0, 544, 23
403, 18, 141, 5
219, 10, 325, 13
219, 10, 325, 13
219, 10, 325, 13
219, 10, 325, 13
404, 18, 140, 5
409, 18, 135, 5
0, 0, 544, 23
0, 0, 544, 23
0, 0, 544, 23
95, 4, 449, 19
95, 4, 449, 19
95, 4, 449, 19
95, 4, 449, 19
0, 0, 544, 23
0, 0, 544, 23
0, 0, 544, 23
0, 0, 544, 23
0, 0, 544, 23
0, 0, 544, 23
0, 0, 544, 23
0, 0, 544, 23
0, 0, 544, 23
0, 0, 544, 23
0, 0, 544, 23
0, 0, 544, 23
0, 0, 544, 23
0, 0, 544, 23
0, 0, 544, 23
7, 0, 537, 23
7, 0, 537, 23
7, 0, 537, 23
5, 0, 539, 23
5, 0, 539, 23
5, 0, 539, 23
1, 0, 543, 23
1, 0, 543, 23
1, 0, 543, 23
1, 0, 543, 23
1, 0, 543, 23
1, 0, 543, 23
0, 0, 544, 23
1, 0, 543, 23
1, 0, 543, 23
1, 0, 543, 23
118, 4, 426, 19
118, 4, 426, 19
118, 4, 426, 19
118, 4, 426, 19
524, 23, 20, 0
524, 23, 20, 0
524, 23, 20, 0
524, 23, 20, 0
112, 4, 432, 19
112, 4, 432, 19
5, 0, 539, 23
5, 0, 539, 23
504, 21, 40, 2
504, 21, 40, 2
527, 23, 17, 0
527, 23, 17, 0
527, 23, 17, 0
527, 23, 17, 0
527, 23, 17, 0
527, 23, 17, 0
0, 0, 544, 23
0, 0, 544, 23
112, 4, 432, 19
112, 4, 432, 19
0, 0, 544, 23
112, 4, 432, 19
112, 4, 432, 19
0, 0, 544, 23
0, 0, 544, 23
112, 4, 432, 19
112, 4, 432, 19
0, 0, 544, 23
0, 0, 544, 23
504, 21, 40, 2
504, 21, 40, 2
501, 21, 43, 2
501, 21, 43, 2
0, 0, 544, 23
0, 0, 544, 23
504, 21, 40, 2
504, 21, 40, 2
0, 0, 544, 23
0, 0, 544, 23
0, 0, 544, 23
0, 0, 544, 23
216, 8, 328, 15
216, 8, 328, 15
5, 0, 539, 23
5, 0, 539, 23
5, 0, 539, 23
108, 4, 436, 19
108, 4, 436, 19
108, 4, 436, 19
0, 0, 544, 23
0, 0, 544, 23
0, 0, 544, 23
0, 0, 544, 23
413, 19, 131, 4
529, 23, 15, 0
529, 23, 15, 0
529, 23, 15, 0
529, 23, 15, 0
529, 23, 15, 0
529, 23, 15, 0
529, 23, 15, 0
0, 0, 544, 23
0, 0, 544, 23
0, 0, 544, 23
0, 0, 544, 23
0, 0, 544, 23
0, 0, 544, 23
0, 0, 544, 23
0, 0, 544, 23
0, 0, 544, 23
0, 0, 544, 23
529, 23, 15, 0
522, 23, 22, 0
522, 23, 22, 0
522, 23, 22, 0
522, 23, 22, 0
522, 23, 22, 0
1, 0, 543, 23
1, 0, 543, 23
1, 0, 543, 23
529, 23, 15, 0
529, 23, 15, 0
529, 23, 15, 0
529, 23, 15, 0
529, 23, 15, 0
414, 19, 130, 4
414, 19, 130, 4
414, 19, 130, 4
414, 19, 130, 4
414, 19, 130, 4
1, 0, 543, 23
0, 0, 544, 23
529, 23, 15, 0
529, 23, 15, 0
529, 23, 15, 0
529, 23, 15, 0
529, 23, 15, 0
0, 0, 544, 23
529, 23, 15, 0
0, 0, 544, 23
0, 0, 544, 23
0, 0, 544, 23
529, 23, 15, 0
529, 23, 15, 0
529, 23, 15, 0
529, 23, 15, 0
414, 19, 130, 4
529, 23, 15, 0
529, 23, 15, 0
0, 0, 544, 23
0, 0, 544, 23
0, 0, 544, 23
0, 0, 544, 23
0, 0, 544, 23
0, 0, 544, 23
0, 0, 544, 23
0, 0, 544, 23
529, 23, 15, 0
529, 23, 15, 0
529, 23, 15, 0
529, 23, 15, 0
522, 23, 22, 0
522, 23, 22, 0
522, 23, 22, 0
414, 19, 130, 4
414, 19, 130, 4
529, 23, 15, 0
529, 23, 15, 0
529, 23, 15, 0
529, 23, 15, 0
529, 23, 15, 0
529, 23, 15, 0
529, 23, 15, 0
529, 23, 15, 0
529, 23, 15, 0
529, 23, 15, 0
529, 23, 15, 0
529, 23, 15, 0
415, 19, 129, 4
415, 19, 129, 4
2, 0, 542, 23
2, 0, 542, 23
415, 19, 129, 4
10, 0, 534, 23
10, 0, 534, 23
1, 0, 543, 23
415, 19, 129, 4
529, 23, 15, 0
0, 0, 544, 23
0, 0, 544, 23
0, 0, 544, 23
0, 0, 544, 23
0, 0, 544, 23
0, 0, 544, 23
0, 0, 544, 23
0, 0, 544, 23
0, 0, 544, 23
0, 0, 544, 23
0, 0, 544, 23
0, 0, 544, 23
0, 0, 544, 23
119, 4, 425, 19
119, 4, 425, 19
119, 4, 425, 19
119, 4, 425, 19
0, 0, 544, 23
0, 0, 544, 23
0, 0, 544, 23
0, 0, 544, 23
0, 0, 544, 23
0, 0, 544, 23
0, 0, 544, 23
0, 0, 544, 23
0, 0, 544, 23
0, 0, 544, 23
119, 4, 425, 19
11, 0, 533, 23
119, 4, 425, 19
119, 4, 425, 19
119, 4, 425, 19
111, 4, 433, 19
111, 4, 433, 19
111, 4, 433, 19
0, 0, 544, 23
0, 0, 544, 23
0, 0, 544, 23
0, 0, 544, 23
0, 0, 544, 23
0, 0, 544, 23
0, 0, 544, 23
0, 0, 544, 23
0, 0, 544, 23
0, 0, 544, 23
0, 0, 544, 23
0, 0, 544, 23
0, 0, 544, 23
111, 4, 433, 19
111, 4, 433, 19
111, 4, 433, 19
111, 4, 433, 19
522, 23, 22, 0
522, 23, 22, 0
0, 0, 544, 23
522, 23, 22, 0
522, 23, 22, 0
522, 23, 22, 0
0, 0, 544, 23
0, 0, 544, 23
0, 0, 544, 23
0, 0, 544, 23
0, 0, 544, 23
0, 0, 544, 23
0, 0, 544, 23
0, 0, 544, 23
0, 0, 544, 23
0, 0, 544, 23
529, 23, 15, 0
529, 23, 15, 0
529, 23, 15, 0
529, 23, 15, 0
529, 23, 15, 0
529, 23, 15, 0
529, 23, 15, 0
529, 23, 15, 0
529, 23, 15, 0
0, 0, 544, 23
529, 23, 15, 0
529, 23, 15, 0
529, 23, 15, 0
0, 0, 544, 23
529, 23, 15, 0
529, 23, 15, 0
0, 0, 544, 23
0, 0, 544, 23
0, 0, 544, 23
0, 0, 544, 23
0, 0, 544, 23
0, 0, 544, 23
529, 23, 15, 0
529, 23, 15, 0
529, 23, 15, 0
529, 23, 15, 0
529, 23, 15, 0
529, 23, 15, 0
529, 23, 15, 0
529, 23, 15, 0
529, 23, 15, 0
529, 23, 15, 0
529, 23, 15, 0
0, 0, 544, 23
0, 0, 544, 23
0, 0, 544, 23
0, 0, 544, 23
0, 0, 544, 23
0, 0, 544, 23
0, 0, 544, 23
0, 0, 544, 23
0, 0, 544, 23
0, 0, 544, 23
0, 0, 544, 23
0, 0, 544, 23
0, 0, 544, 23
0, 0, 544, 23
0, 0, 544, 23
0, 0, 544, 23
0, 0, 544, 23
0, 0, 544, 23
0, 0, 544, 23
0, 0, 544, 23
0, 0, 544, 23
0, 0, 544, 23
544, 23, 0, 0
544, 23, 0, 0
33, 0, 511, 23
33, 0, 511, 23
520, 23, 24, 0
520, 23, 24, 0
520, 23, 24, 0
522, 23, 22, 0
522, 23, 22, 0
1, 0, 543, 23
1, 0, 543, 23
522, 23, 22, 0
531, 23, 13, 0
531, 23, 13, 0
531, 23, 13, 0
531, 23, 13, 0
531, 23, 13, 0
1, 0, 543, 23
0, 0, 544, 23
0, 0, 544, 23
530, 23, 14, 0
544, 23, 0, 0
544, 23, 0, 0
33, 0, 511, 23
33, 0, 511, 23
520, 23, 24, 0
520, 23, 24, 0
520, 23, 24, 0
