509
566, 1, 0, 0
566, 1, 0, 0
566, 1, 0, 0
566, 1, 0, 0
566, 1, 0, 0
560, 0, 6, 1
543, 0, 23, 1
543, 0, 23, 1
543, 0, 23, 1
6, 0, 560, 1
543, 0, 23, 1
1, 0, 565, 1
543, 0, 23, 1
543, 0, 23, 1
0, 0, 566, 1
560, 0, 6, 1
560, 0, 6, 1
163, 0, 403, 1
0, 0, 566, 1
163, 0, 403, 1
1, 0, 565, 1
162, 0, 404, 1
162, 0, 404, 1
162, 0, 404, 1
162, 0, 404, 1
559, 0, 7, 1
162, 0, 404, 1
559, 0, 7, 1
554, 0, 12, 1
79, 0, 487, 1
475, 0, 91, 1
559, 0, 7, 1
554, 0, 12, 1
121, 0, 445, 1
433, 0, 133, 1
559, 0, 7, 1
122, 0, 444, 1
3, 0, 563, 1
119, 0, 447, 1
1, 0, 565, 1
118, 0, 448, 1
0, 0, 566, 1
118, 0, 448, 1
0, 0, 566, 1
118, 0, 448, 1
1, 0, 565, 1
554, 0, 12, 1
0, 0, 566, 1
554, 0, 12, 1
0, 0, 566, 1
0, 0, 566, 1
554, 0, 12, 1
305, 0, 261, 1
305, 0, 261, 1
305, 0, 261, 1
305, 0, 261, 1
305, 0, 261, 1
249, 0, 317, 1
249, 0, 317, 1
249, 0, 317, 1
554, 0, 12, 1
551, 0, 15, 1
550, 0, 16, 1
0, 0, 566, 1
550, 0, 16, 1
550, 0, 16, 1
550, 0, 16, 1
551, 0, 15, 1
551, 0, 15, 1
0, 0, 566, 1
551, 0, 15, 1
554, 0, 12, 1
1, 0, 565, 1
553, 0, 13, 1
1, 0, 565, 1
0, 0, 566, 1
1, 0, 565, 1
1, 0, 565, 1
1, 0, 565, 1
1, 0, 565, 1
1, 0, 565, 1
1, 0, 565, 1
1, 0, 565, 1
1, 0, 565, 1
1, 0, 565, 1
1, 0, 565, 1
1, 0, 565, 1
1, 0, 565, 1
1, 0, 565, 1
1, 0, 565, 1
1, 0, 565, 1
1, 0, 565, 1
1, 0, 565, 1
0, 0, 566, 1
1, 0, 565, 1
1, 0, 565, 1
1, 0, 565, 1
553, 0, 13, 1
1, 0, 565, 1
553, 0, 13, 1
553, 0, 13, 1
565, 0, 1, 1
565, 0, 1, 1
2, 0, 564, 1
0, 0, 566, 1
2, 0, 564, 1
0, 0, 566, 1
565, 0, 1, 1
11, 0, 555, 1
0, 0, 566, 1
11, 0, 555, 1
0, 0, 566, 1
11, 0, 555, 1
0, 0, 566, 1
565, 0, 1, 1
5, 0, 561, 1
0, 0, 566, 1
5, 0, 561, 1
0, 0, 566, 1
5, 0, 561, 1
5, 0, 561, 1
0, 0, 566, 1
5, 0, 561, 1
0, 0, 566, 1
565, 0, 1, 1
9, 0, 557, 1
9, 0, 557, 1
9, 0, 557, 1
0, 0, 566, 1
9, 0, 557, 1
3, 0, 563, 1
9, 0, 557, 1
2, 0, 564, 1
9, 0, 557, 1
2, 0, 564, 1
9, 0, 557, 1
2, 0, 564, 1
9, 0, 557, 1
2, 0, 564, 1
9, 0, 557, 1
0, 0, 566, 1
9, 0, 557, 1
2, 0, 564, 1
9, 0, 557, 1
2, 0, 564, 1
9, 0, 557, 1
9, 0, 557, 1
9, 0, 557, 1
2, 0, 564, 1
9, 0, 557, 1
3, 0, 563, 1
9, 0, 557, 1
6, 0, 560, 1
9, 0, 557, 1
2, 0, 564, 1
9, 0, 557, 1
4, 0, 562, 1
9, 0, 557, 1
0, 0, 566, 1
9, 0, 557, 1
1, 0, 565, 1
8, 0, 558, 1
9, 0, 557, 1
9, 0, 557, 1
3, 0, 563, 1
9, 0, 557, 1
1, 0, 565, 1
9, 0, 557, 1
1, 0, 565, 1
9, 0, 557, 1
8, 0, 558, 1
9, 0, 557, 1
8, 0, 558, 1
9, 0, 557, 1
2, 0, 564, 1
9, 0, 557, 1
0, 0, 566, 1
9, 0, 557, 1
1, 0, 565, 1
9, 0, 557, 1
0, 0, 566, 1
9, 0, 557, 1
9, 0, 557, 1
9, 0, 557, 1
9, 0, 557, 1
9, 0, 557, 1
2, 0, 564, 1
7, 0, 559, 1
0, 0, 566, 1
7, 0, 559, 1
9, 0, 557, 1
0, 0, 566, 1
9, 0, 557, 1
9, 0, 557, 1
9, 0, 557, 1
2, 0, 564, 1
7, 0, 559, 1
9, 0, 557, 1
9, 0, 557, 1
9, 0, 557, 1
1, 0, 565, 1
1, 0, 565, 1
8, 0, 558, 1
8, 0, 558, 1
8, 0, 558, 1
8, 0, 558, 1
8, 0, 558, 1
8, 0, 558, 1
8, 0, 558, 1
9, 0, 557, 1
8, 0, 558, 1
8, 0, 558, 1
9, 0, 557, 1
8, 0, 558, 1
8, 0, 558, 1
9, 0, 557, 1
9, 0, 557, 1
9, 0, 557, 1
565, 0, 1, 1
566, 1, 0, 0
566, 1, 0, 0
566, 1, 0, 0
566, 1, 0, 0
566, 1, 0, 0
566, 1, 0, 0
566, 1, 0, 0
566, 1, 0, 0
566, 1, 0, 0
566, 1, 0, 0
566, 1, 0, 0
566, 1, 0, 0
566, 1, 0, 0
566, 1, 0, 0
566, 1, 0, 0
566, 1, 0, 0
566, 1, 0, 0
566, 1, 0, 0
566, 1, 0, 0
566, 1, 0, 0
0, 0, 566, 1
566, 1, 0, 0
566, 1, 0, 0
566, 1, 0, 0
566, 1, 0, 0
549, 1, 17, 0
0, 0, 566, 1
0, 0, 566, 1
0, 0, 566, 1
0, 0, 566, 1
549, 1, 17, 0
549, 1, 17, 0
0, 0, 566, 1
0, 0, 566, 1
2, 0, 564, 1
2, 0, 564, 1
5, 0, 561, 1
5, 0, 561, 1
1, 0, 565, 1
477, 0, 89, 1
1, 0, 565, 1
476, 0, 90, 1
476, 0, 90, 1
476, 0, 90, 1
476, 0, 90, 1
476, 0, 90, 1
476, 0, 90, 1
474, 0, 92, 1
243, 0, 323, 1
243, 0, 323, 1
243, 0, 323, 1
243, 0, 323, 1
15, 0, 551, 1
15, 0, 551, 1
18, 0, 548, 1
18, 0, 548, 1
163, 0, 403, 1
163, 0, 403, 1
242, 0, 324, 1
242, 0, 324, 1
1, 0, 565, 1
475, 0, 91, 1
252, 0, 314, 1
252, 0, 314, 1
84, 0, 482, 1
84, 0, 482, 1
84, 0, 482, 1
80, 0, 486, 1
80, 0, 486, 1
80, 0, 486, 1
0, 1, 566, 0
0, 1, 566, 0
3, 0, 563, 1
3, 0, 563, 1
3, 0, 563, 1
3, 0, 563, 1
163, 0, 403, 1
163, 0, 403, 1
3, 0, 563, 1
3, 0, 563, 1
1, 0, 565, 1
1, 0, 565, 1
0, 0, 566, 1
1, 0, 565, 1
1, 0, 565, 1
1, 0, 565, 1
4, 0, 562, 1
1, 0, 565, 1
3, 0, 563, 1
3, 0, 563, 1
14, 0, 552, 1
14, 0, 552, 1
4, 0, 562, 1
1, 0, 565, 1
3, 0, 563, 1
3, 0, 563, 1
3, 0, 563, 1
3, 0, 563, 1
3, 0, 563, 1
3, 0, 563, 1
22, 0, 544, 1
22, 0, 544, 1
9, 0, 557, 1
9, 0, 557, 1
1, 0, 565, 1
1, 0, 565, 1
3, 0, 563, 1
3, 0, 563, 1
3, 0, 563, 1
3, 0, 563, 1
2, 0, 564, 1
2, 0, 564, 1
0, 0, 566, 1
0, 0, 566, 1
547, 0, 19, 1
561, 0, 5, 1
561, 0, 5, 1
561, 0, 5, 1
560, 0, 6, 1
560, 0, 6, 1
560, 0, 6, 1
560, 0, 6, 1
560, 0, 6, 1
560, 0, 6, 1
560, 0, 6, 1
560, 0, 6, 1
560, 0, 6, 1
560, 0, 6, 1
560, 0, 6, 1
560, 0, 6, 1
560, 0, 6, 1
560, 0, 6, 1
560, 0, 6, 1
1, 0, 565, 1
1, 0, 565, 1
551, 0, 15, 1
6, 0, 560, 1
545, 0, 21, 1
5, 0, 561, 1
5, 0, 561, 1
0, 0, 566, 1
540, 0, 26, 1
545, 0, 21, 1
161, 0, 405, 1
384, 0, 182, 1
0, 0, 566, 1
545, 0, 21, 1
161, 0, 405, 1
384, 0, 182, 1
0, 0, 566, 1
545, 0, 21, 1
12, 0, 554, 1
2, 0, 564, 1
2, 0, 564, 1
10, 0, 556, 1
0, 0, 566, 1
12, 0, 554, 1
1, 0, 565, 1
1, 0, 565, 1
1, 0, 565, 1
0, 0, 566, 1
12, 0, 554, 1
5, 0, 561, 1
12, 0, 554, 1
1, 0, 565, 1
545, 0, 21, 1
168, 0, 398, 1
545, 0, 21, 1
33, 0, 533, 1
545, 0, 21, 1
2, 0, 564, 1
2, 0, 564, 1
0, 0, 566, 1
0, 0, 566, 1
0, 0, 566, 1
543, 0, 23, 1
168, 0, 398, 1
543, 0, 23, 1
0, 0, 566, 1
0, 0, 566, 1
543, 0, 23, 1
252, 0, 314, 1
543, 0, 23, 1
467, 0, 99, 1
76, 0, 490, 1
543, 0, 23, 1
0, 0, 566, 1
0, 0, 566, 1
0, 0, 566, 1
543, 0, 23, 1
543, 0, 23, 1
543, 0, 23, 1
543, 0, 23, 1
543, 0, 23, 1
543, 0, 23, 1
543, 0, 23, 1
543, 0, 23, 1
543, 0, 23, 1
543, 0, 23, 1
0, 0, 566, 1
543, 0, 23, 1
92, 0, 474, 1
451, 0, 115, 1
451, 0, 115, 1
543, 0, 23, 1
252, 0, 314, 1
543, 0, 23, 1
161, 0, 405, 1
543, 0, 23, 1
161, 0, 405, 1
161, 0, 405, 1
543, 0, 23, 1
0, 0, 566, 1
0, 0, 566, 1
0, 0, 566, 1
0, 0, 566, 1
0, 0, 566, 1
0, 0, 566, 1
0, 0, 566, 1
0, 0, 566, 1
543, 0, 23, 1
161, 0, 405, 1
382, 0, 184, 1
382, 0, 184, 1
543, 0, 23, 1
0, 0, 566, 1
543, 0, 23, 1
296, 0, 270, 1
247, 0, 319, 1
543, 0, 23, 1
543, 0, 23, 1
543, 0, 23, 1
296, 0, 270, 1
543, 0, 23, 1
560, 0, 6, 1
560, 0, 6, 1
560, 0, 6, 1
560, 0, 6, 1
560, 0, 6, 1
560, 0, 6, 1
560, 0, 6, 1
560, 0, 6, 1
560, 0, 6, 1
560, 0, 6, 1
560, 0, 6, 1
560, 0, 6, 1
560, 0, 6, 1
560, 0, 6, 1
560, 0, 6, 1
560, 0, 6, 1
560, 0, 6, 1
560, 0, 6, 1
560, 0, 6, 1
560, 0, 6, 1
560, 0, 6, 1
560, 0, 6, 1
560, 0, 6, 1
560, 0, 6, 1
560, 0, 6, 1
560, 0, 6, 1
560, 0, 6, 1
560, 0, 6, 1
560, 0, 6, 1
560, 0, 6, 1
560, 0, 6, 1
560, 0, 6, 1
560, 0, 6, 1
560, 0, 6, 1
560, 0, 6, 1
560, 0, 6, 1
560, 0, 6, 1
560, 0, 6, 1
560, 0, 6, 1
560, 0, 6, 1
560, 0, 6, 1
560, 0, 6, 1
560, 0, 6, 1
0, 1, 566, 0
0, 1, 566, 0
0, 1, 566, 0
0, 1, 566, 0
0, 1, 566, 0
0, 1, 566, 0
0, 1, 566, 0
0, 1, 566, 0
0, 1, 566, 0
0, 1, 566, 0
0, 1, 566, 0
0, 1, 566, 0
0, 1, 566, 0
0, 1, 566, 0
0, 1, 566, 0
0, 1, 566, 0
0, 1, 566, 0
0, 1, 566, 0
0, 1, 566, 0
0, 1, 566, 0
0, 1, 566, 0
0, 1, 566, 0
0, 1, 566, 0
0, 1, 566, 0
0, 1, 566, 0
0, 1, 566, 0
0, 1, 566, 0
0, 1, 566, 0
0, 1, 566, 0
0, 1, 566, 0
0, 1, 566, 0
0, 1, 566, 0
0, 1, 566, 0
0, 1, 566, 0
0, 1, 566, 0
0, 1, 566, 0
0, 1, 566, 0
0, 1, 566, 0
0, 1, 566, 0
0, 1, 566, 0
0, 1, 566, 0
0, 1, 566, 0
431, 0, 135, 1
431, 0, 135, 1
431, 0, 135, 1
431, 0, 135, 1
431, 0, 135, 1
428, 0, 138, 1
3, 0, 563, 1
431, 0, 135, 1
431, 0, 135, 1
2, 0, 564, 1
2, 0, 564, 1
2, 0, 564, 1
431, 0, 135, 1
431, 0, 135, 1
551, 0, 15, 1
551, 0, 15, 1
2, 0, 564, 1
2, 0, 564, 1
2, 0, 564, 1
2, 0, 564, 1
2, 0, 564, 1
551, 0, 15, 1
551, 0, 15, 1
431, 0, 135, 1
551, 0, 15, 1
551, 0, 15, 1
551, 0, 15, 1
551, 0, 15, 1
551, 0, 15, 1
551, 0, 15, 1
4, 0, 562, 1
4, 0, 562, 1
4, 0, 562, 1
4, 0, 562, 1
4, 0, 562, 1
4, 0, 562, 1
4, 0, 562, 1
4, 0, 562, 1
4, 0, 562, 1
4, 0, 562, 1
4, 0, 562, 1
4, 0, 562, 1
4, 0, 562, 1
543, 0, 23, 1
543, 0, 23, 1
514, 0, 52, 1
514, 0, 52, 1
4, 0, 562, 1
4, 0, 562, 1
4, 0, 562, 1
4, 0, 562, 1
543, 0, 23, 1
33, 0, 533, 1
33, 0, 533, 1
33, 0, 533, 1
33, 0, 533, 1
33, 0, 533, 1
33, 0, 533, 1
33, 0, 533, 1
33, 0, 533, 1
33, 0, 533, 1
33, 0, 533, 1
33, 0, 533, 1
4, 0, 562, 1
4, 0, 562, 1
4, 0, 562, 1
4, 0, 562, 1
4, 0, 562, 1
4, 0, 562, 1
4, 0, 562, 1
4, 0, 562, 1
4, 0, 562, 1
4, 0, 562, 1
4, 0, 562, 1
4, 0, 562, 1
4, 0, 562, 1
4, 0, 562, 1
4, 0, 562, 1
4, 0, 562, 1
4, 0, 562, 1
4, 0, 562, 1
4, 0, 562, 1
4, 0, 562, 1
4, 0, 562, 1
4, 0, 562, 1
4, 0, 562, 1
4, 0, 562, 1
4, 0, 562, 1
4, 0, 562, 1
4, 0, 562, 1
4, 0, 562, 1
4, 0, 562, 1
4, 0, 562, 1
4, 0, 562, 1
4, 0, 562, 1
543, 0, 23, 1
543, 0, 23, 1
543, 0, 23, 1
543, 0, 23, 1
543, 0, 23, 1
543, 0, 23, 1
543, 0, 23, 1
543, 0, 23, 1
543, 0, 23, 1
543, 0, 23, 1
543, 0, 23, 1
543, 0, 23, 1
543, 0, 23, 1
543, 0, 23, 1
543, 0, 23, 1
543, 0, 23, 1
543, 0, 23, 1
543, 0, 23, 1
543, 0, 23, 1
543, 0, 23, 1
543, 0, 23, 1
543, 0, 23, 1
543, 0, 23, 1
543, 0, 23, 1
543, 0, 23, 1
543, 0, 23, 1
0, 0, 566, 1
543, 0, 23, 1
543, 0, 23, 1
543, 0, 23, 1
543, 0, 23, 1
1, 0, 565, 1
1, 0, 565, 1
1, 0, 565, 1
1, 0, 565, 1
1, 0, 565, 1
1, 0, 565, 1
1, 0, 565, 1
1, 0, 565, 1
1, 0, 565, 1
1, 0, 565, 1
1, 0, 565, 1
0, 0, 566, 1
1, 0, 565, 1
543, 0, 23, 1
543, 0, 23, 1
543, 0, 23, 1
543, 0, 23, 1
543, 0, 23, 1
543, 0, 23, 1
543, 0, 23, 1
543, 0, 23, 1
543, 0, 23, 1
543, 0, 23, 1
14, 0, 552, 1
14, 0, 552, 1
543, 0, 23, 1
543, 0, 23, 1
197, 0, 369, 1
197, 0, 369, 1
0, 0, 566, 1
0, 0, 566, 1
0, 0, 566, 1
0, 0, 566, 1
0, 0, 566, 1
197, 0, 369, 1
195, 0, 371, 1
543, 0, 23, 1
92, 0, 474, 1
92, 0, 474, 1
92, 0, 474, 1
92, 0, 474, 1
451, 0, 115, 1
23, 0, 543, 1
22, 0, 544, 1
1, 0, 565, 1
23, 0, 543, 1
23, 0, 543, 1
23, 0, 543, 1
23, 0, 543, 1
23, 0, 543, 1
23, 0, 543, 1
543, 0, 23, 1
543, 0, 23, 1
543, 0, 23, 1
543, 0, 23, 1
543, 0, 23, 1
543, 0, 23, 1
543, 0, 23, 1
543, 0, 23, 1
543, 0, 23, 1
543, 0, 23, 1
543, 0, 23, 1
543, 0, 23, 1
0, 0, 566, 1
543, 0, 23, 1
451, 0, 115, 1
0, 0, 566, 1
451, 0, 115, 1
451, 0, 115, 1
451, 0, 115, 1
543, 0, 23, 1
543, 0, 23, 1
543, 0, 23, 1
543, 0, 23, 1
543, 0, 23, 1
543, 0, 23, 1
543, 0, 23, 1
543, 0, 23, 1
543, 0, 23, 1
14, 0, 552, 1
543, 0, 23, 1
543, 0, 23, 1
543, 0, 23, 1
543, 0, 23, 1
543, 0, 23, 1
543, 0, 23, 1
543, 0, 23, 1
543, 0, 23, 1
543, 0, 23, 1
543, 0, 23, 1
543, 0, 23, 1
543, 0, 23, 1
33, 0, 533, 1
543, 0, 23, 1
543, 0, 23, 1
14, 0, 552, 1
543, 0, 23, 1
543, 0, 23, 1
543, 0, 23, 1
482, 0, 84, 1
482, 0, 84, 1
482, 0, 84, 1
13, 0, 553, 1
482, 0, 84, 1
482, 0, 84, 1
482, 0, 84, 1
482, 0, 84, 1
543, 0, 23, 1
543, 0, 23, 1
543, 0, 23, 1
0, 0, 566, 1
0, 0, 566, 1
0, 0, 566, 1
0, 0, 566, 1
0, 0, 566, 1
0, 0, 566, 1
543, 0, 23, 1
543, 0, 23, 1
543, 0, 23, 1
543, 0, 23, 1
195, 0, 371, 1
195, 0, 371, 1
543, 0, 23, 1
23, 0, 543, 1
23, 0, 543, 1
23, 0, 543, 1
23, 0, 543, 1
23, 0, 543, 1
23, 0, 543, 1
23, 0, 543, 1
23, 0, 543, 1
520, 0, 46, 1
92, 0, 474, 1
428, 0, 138, 1
428, 0, 138, 1
428, 0, 138, 1
428, 0, 138, 1
428, 0, 138, 1
428, 0, 138, 1
428, 0, 138, 1
428, 0, 138, 1
428, 0, 138, 1
543, 0, 23, 1
23, 0, 543, 1
520, 0, 46, 1
428, 0, 138, 1
428, 0, 138, 1
428, 0, 138, 1
428, 0, 138, 1
428, 0, 138, 1
543, 0, 23, 1
543, 0, 23, 1
543, 0, 23, 1
543, 0, 23, 1
543, 0, 23, 1
543, 0, 23, 1
543, 0, 23, 1
543, 0, 23, 1
543, 0, 23, 1
543, 0, 23, 1
543, 0, 23, 1
543, 0, 23, 1
543, 0, 23, 1
543, 0, 23, 1
2, 0, 564, 1
543, 0, 23, 1
543, 0, 23, 1
543, 0, 23, 1
543, 0, 23, 1
2, 0, 564, 1
115, 0, 451, 1
543, 0, 23, 1
1, 0, 565, 1
543, 0, 23, 1
543, 0, 23, 1
543, 0, 23, 1
543, 0, 23, 1
543, 0, 23, 1
543, 0, 23, 1
543, 0, 23, 1
543, 0, 23, 1
543, 0, 23, 1
543, 0, 23, 1
168, 0, 398, 1
375, 0, 191, 1
543, 0, 23, 1
543, 0, 23, 1
168, 0, 398, 1
168, 0, 398, 1
168, 0, 398, 1
168, 0, 398, 1
168, 0, 398, 1
168, 0, 398, 1
168, 0, 398, 1
375, 0, 191, 1
375, 0, 191, 1
375, 0, 191, 1
375, 0, 191, 1
375, 0, 191, 1
375, 0, 191, 1
375, 0, 191, 1
543, 0, 23, 1
543, 0, 23, 1
543, 0, 23, 1
543, 0, 23, 1
543, 0, 23, 1
543, 0, 23, 1
543, 0, 23, 1
543, 0, 23, 1
543, 0, 23, 1
543, 0, 23, 1
543, 0, 23, 1
543, 0, 23, 1
543, 0, 23, 1
543, 0, 23, 1
210, 0, 356, 1
210, 0, 356, 1
0, 0, 566, 1
210, 0, 356, 1
210, 0, 356, 1
210, 0, 356, 1
210, 0, 356, 1
543, 0, 23, 1
418, 0, 148, 1
418, 0, 148, 1
418, 0, 148, 1
1, 0, 565, 1
418, 0, 148, 1
417, 0, 149, 1
418, 0, 148, 1
418, 0, 148, 1
418, 0, 148, 1
543, 0, 23, 1
0, 0, 566, 1
543, 0, 23, 1
533, 0, 33, 1
533, 0, 33, 1
543, 0, 23, 1
543, 0, 23, 1
543, 0, 23, 1
543, 0, 23, 1
543, 0, 23, 1
543, 0, 23, 1
543, 0, 23, 1
543, 0, 23, 1
543, 0, 23, 1
543, 0, 23, 1
543, 0, 23, 1
543, 0, 23, 1
543, 0, 23, 1
0, 0, 566, 1
543, 0, 23, 1
533, 0, 33, 1
533, 0, 33, 1
533, 0, 33, 1
543, 0, 23, 1
543, 0, 23, 1
543, 0, 23, 1
543, 0, 23, 1
543, 0, 23, 1
543, 0, 23, 1
543, 0, 23, 1
210, 0, 356, 1
210, 0, 356, 1
0, 0, 566, 1
210, 0, 356, 1
210, 0, 356, 1
543, 0, 23, 1
543, 0, 23, 1
418, 0, 148, 1
418, 0, 148, 1
418, 0, 148, 1
1, 0, 565, 1
418, 0, 148, 1
543, 0, 23, 1
296, 0, 270, 1
296, 0, 270, 1
296, 0, 270, 1
296, 0, 270, 1
296, 0, 270, 1
230, 0, 336, 1
230, 0, 336, 1
230, 0, 336, 1
230, 0, 336, 1
230, 0, 336, 1
296, 0, 270, 1
296, 0, 270, 1
376, 0, 190, 1
376, 0, 190, 1
376, 0, 190, 1
376, 0, 190, 1
376, 0, 190, 1
376, 0, 190, 1
376, 0, 190, 1
376, 0, 190, 1
549, 0, 17, 1
549, 0, 17, 1
549, 0, 17, 1
476, 0, 90, 1
476, 0, 90, 1
3, 0, 563, 1
476, 0, 90, 1
476, 0, 90, 1
476, 0, 90, 1
476, 0, 90, 1
472, 0, 94, 1
471, 0, 95, 1
4, 0, 562, 1
471, 0, 95, 1
471, 0, 95, 1
335, 0, 231, 1
471, 0, 95, 1
471, 0, 95, 1
471, 0, 95, 1
471, 0, 95, 1
471, 0, 95, 1
471, 0, 95, 1
466, 0, 100, 1
466, 0, 100, 1
450, 0, 116, 1
466, 0, 100, 1
472, 0, 94, 1
476, 0, 90, 1
467, 0, 99, 1
467, 0, 99, 1
476, 0, 90, 1
476, 0, 90, 1
471, 0, 95, 1
549, 0, 17, 1
540, 0, 26, 1
540, 0, 26, 1
538, 0, 28, 1
540, 0, 26, 1
540, 0, 26, 1
540, 0, 26, 1
540, 0, 26, 1
540, 0, 26, 1
543, 0, 23, 1
543, 0, 23, 1
543, 0, 23, 1
543, 0, 23, 1
543, 0, 23, 1
543, 0, 23, 1
0, 0, 566, 1
0, 0, 566, 1
543, 0, 23, 1
543, 0, 23, 1
543, 0, 23, 1
170, 0, 396, 1
373, 0, 193, 1
92, 0, 474, 1
281, 0, 285, 1
373, 0, 193, 1
373, 0, 193, 1
373, 0, 193, 1
373, 0, 193, 1
373, 0, 193, 1
373, 0, 193, 1
543, 0, 23, 1
543, 0, 23, 1
170, 0, 396, 1
373, 0, 193, 1
373, 0, 193, 1
373, 0, 193, 1
373, 0, 193, 1
373, 0, 193, 1
113, 0, 453, 1
260, 0, 306, 1
373, 0, 193, 1
373, 0, 193, 1
373, 0, 193, 1
373, 0, 193, 1
92, 0, 474, 1
92, 0, 474, 1
92, 0, 474, 1
92, 0, 474, 1
92, 0, 474, 1
0, 0, 566, 1
92, 0, 474, 1
0, 0, 566, 1
92, 0, 474, 1
92, 0, 474, 1
92, 0, 474, 1
92, 0, 474, 1
92, 0, 474, 1
92, 0, 474, 1
92, 0, 474, 1
92, 0, 474, 1
92, 0, 474, 1
92, 0, 474, 1
92, 0, 474, 1
92, 0, 474, 1
92, 0, 474, 1
92, 0, 474, 1
92, 0, 474, 1
92, 0, 474, 1
92, 0, 474, 1
92, 0, 474, 1
92, 0, 474, 1
92, 0, 474, 1
92, 0, 474, 1
92, 0, 474, 1
92, 0, 474, 1
92, 0, 474, 1
92, 0, 474, 1
92, 0, 474, 1
92, 0, 474, 1
92, 0, 474, 1
40, 0, 526, 1
92, 0, 474, 1
296, 0, 270, 1
296, 0, 270, 1
296, 0, 270, 1
296, 0, 270, 1
3, 0, 563, 1
296, 0, 270, 1
296, 0, 270, 1
296, 0, 270, 1
296, 0, 270, 1
14, 0, 552, 1
14, 0, 552, 1
14, 0, 552, 1
14, 0, 552, 1
14, 0, 552, 1
14, 0, 552, 1
14, 0, 552, 1
296, 0, 270, 1
543, 0, 23, 1
543, 0, 23, 1
92, 0, 474, 1
451, 0, 115, 1
23, 0, 543, 1
428, 0, 138, 1
168, 0, 398, 1
168, 0, 398, 1
168, 0, 398, 1
168, 0, 398, 1
168, 0, 398, 1
168, 0, 398, 1
168, 0, 398, 1
168, 0, 398, 1
168, 0, 398, 1
168, 0, 398, 1
168, 0, 398, 1
33, 0, 533, 1
33, 0, 533, 1
33, 0, 533, 1
33, 0, 533, 1
33, 0, 533, 1
33, 0, 533, 1
33, 0, 533, 1
33, 0, 533, 1
33, 0, 533, 1
33, 0, 533, 1
33, 0, 533, 1
33, 0, 533, 1
33, 0, 533, 1
33, 0, 533, 1
33, 0, 533, 1
33, 0, 533, 1
33, 0, 533, 1
33, 0, 533, 1
33, 0, 533, 1
33, 0, 533, 1
31, 0, 535, 1
31, 0, 535, 1
31, 0, 535, 1
33, 0, 533, 1
33, 0, 533, 1
33, 0, 533, 1
33, 0, 533, 1
33, 0, 533, 1
33, 0, 533, 1
33, 0, 533, 1
33, 0, 533, 1
33, 0, 533, 1
33, 0, 533, 1
33, 0, 533, 1
33, 0, 533, 1
33, 0, 533, 1
135, 0, 431, 1
135, 0, 431, 1
135, 0, 431, 1
135, 0, 431, 1
135, 0, 431, 1
135, 0, 431, 1
168, 0, 398, 1
168, 0, 398, 1
168, 0, 398, 1
168, 0, 398, 1
168, 0, 398, 1
168, 0, 398, 1
168, 0, 398, 1
260, 0, 306, 1
260, 0, 306, 1
259, 0, 307, 1
259, 0, 307, 1
259, 0, 307, 1
259, 0, 307, 1
259, 0, 307, 1
259, 0, 307, 1
259, 0, 307, 1
259, 0, 307, 1
543, 0, 23, 1
23, 0, 543, 1
23, 0, 543, 1
23, 0, 543, 1
23, 0, 543, 1
23, 0, 543, 1
23, 0, 543, 1
23, 0, 543, 1
23, 0, 543, 1
1, 0, 565, 1
23, 0, 543, 1
23, 0, 543, 1
1, 0, 565, 1
23, 0, 543, 1
428, 0, 138, 1
428, 0, 138, 1
428, 0, 138, 1
428, 0, 138, 1
428, 0, 138, 1
428, 0, 138, 1
428, 0, 138, 1
428, 0, 138, 1
215, 0, 351, 1
215, 0, 351, 1
215, 0, 351, 1
215, 0, 351, 1
215, 0, 351, 1
428, 0, 138, 1
428, 0, 138, 1
428, 0, 138, 1
428, 0, 138, 1
543, 0, 23, 1
543, 0, 23, 1
543, 0, 23, 1
543, 0, 23, 1
23, 0, 543, 1
23, 0, 543, 1
23, 0, 543, 1
21, 0, 545, 1
21, 0, 545, 1
21, 0, 545, 1
23, 0, 543, 1
23, 0, 543, 1
21, 0, 545, 1
23, 0, 543, 1
23, 0, 543, 1
23, 0, 543, 1
520, 0, 46, 1
92, 0, 474, 1
92, 0, 474, 1
92, 0, 474, 1
92, 0, 474, 1
92, 0, 474, 1
92, 0, 474, 1
92, 0, 474, 1
92, 0, 474, 1
92, 0, 474, 1
92, 0, 474, 1
92, 0, 474, 1
92, 0, 474, 1
92, 0, 474, 1
92, 0, 474, 1
92, 0, 474, 1
92, 0, 474, 1
92, 0, 474, 1
428, 0, 138, 1
428, 0, 138, 1
428, 0, 138, 1
428, 0, 138, 1
428, 0, 138, 1
428, 0, 138, 1
428, 0, 138, 1
428, 0, 138, 1
428, 0, 138, 1
426, 0, 140, 1
2, 0, 564, 1
428, 0, 138, 1
1, 0, 565, 1
1, 0, 565, 1
543, 0, 23, 1
543, 0, 23, 1
543, 0, 23, 1
348, 0, 218, 1
296, 0, 270, 1
52, 0, 514, 1
450, 0, 116, 1
543, 0, 23, 1
195, 0, 371, 1
173, 0, 393, 1
195, 0, 371, 1
195, 0, 371, 1
195, 0, 371, 1
543, 0, 23, 1
23, 0, 543, 1
520, 0, 46, 1
92, 0, 474, 1
428, 0, 138, 1
543, 0, 23, 1
195, 0, 371, 1
195, 0, 371, 1
195, 0, 371, 1
195, 0, 371, 1
195, 0, 371, 1
195, 0, 371, 1
543, 0, 23, 1
115, 0, 451, 1
543, 0, 23, 1
168, 0, 398, 1
543, 0, 23, 1
543, 0, 23, 1
543, 0, 23, 1
543, 0, 23, 1
249, 0, 317, 1
543, 0, 23, 1
543, 0, 23, 1
195, 0, 371, 1
195, 0, 371, 1
348, 0, 218, 1
1, 0, 565, 1
1, 0, 565, 1
1, 0, 565, 1
347, 0, 219, 1
92, 0, 474, 1
92, 0, 474, 1
92, 0, 474, 1
92, 0, 474, 1
92, 0, 474, 1
92, 0, 474, 1
255, 0, 311, 1
255, 0, 311, 1
255, 0, 311, 1
98, 0, 468, 1
255, 0, 311, 1
255, 0, 311, 1
543, 0, 23, 1
113, 0, 453, 1
113, 0, 453, 1
113, 0, 453, 1
113, 0, 453, 1
113, 0, 453, 1
113, 0, 453, 1
113, 0, 453, 1
543, 0, 23, 1
543, 0, 23, 1
543, 0, 23, 1
92, 0, 474, 1
18, 0, 548, 1
74, 0, 492, 1
451, 0, 115, 1
451, 0, 115, 1
81, 0, 485, 1
451, 0, 115, 1
168, 0, 398, 1
168, 0, 398, 1
543, 0, 23, 1
428, 0, 138, 1
428, 0, 138, 1
428, 0, 138, 1
428, 0, 138, 1
428, 0, 138, 1
428, 0, 138, 1
168, 0, 398, 1
168, 0, 398, 1
168, 0, 398, 1
168, 0, 398, 1
168, 0, 398, 1
168, 0, 398, 1
168, 0, 398, 1
168, 0, 398, 1
168, 0, 398, 1
168, 0, 398, 1
168, 0, 398, 1
168, 0, 398, 1
7, 0, 559, 1
168, 0, 398, 1
168, 0, 398, 1
168, 0, 398, 1
168, 0, 398, 1
33, 0, 533, 1
168, 0, 398, 1
168, 0, 398, 1
7, 0, 559, 1
7, 0, 559, 1
7, 0, 559, 1
7, 0, 559, 1
168, 0, 398, 1
168, 0, 398, 1
260, 0, 306, 1
260, 0, 306, 1
260, 0, 306, 1
260, 0, 306, 1
428, 0, 138, 1
428, 0, 138, 1
168, 0, 398, 1
428, 0, 138, 1
428, 0, 138, 1
428, 0, 138, 1
428, 0, 138, 1
6, 0, 560, 1
428, 0, 138, 1
428, 0, 138, 1
168, 0, 398, 1
428, 0, 138, 1
428, 0, 138, 1
255, 0, 311, 1
428, 0, 138, 1
215, 0, 351, 1
13, 0, 553, 1
215, 0, 351, 1
215, 0, 351, 1
215, 0, 351, 1
13, 0, 553, 1
215, 0, 351, 1
215, 0, 351, 1
428, 0, 138, 1
428, 0, 138, 1
428, 0, 138, 1
428, 0, 138, 1
428, 0, 138, 1
428, 0, 138, 1
428, 0, 138, 1
428, 0, 138, 1
428, 0, 138, 1
340, 0, 226, 1
340, 0, 226, 1
428, 0, 138, 1
428, 0, 138, 1
428, 0, 138, 1
340, 0, 226, 1
340, 0, 226, 1
428, 0, 138, 1
428, 0, 138, 1
428, 0, 138, 1
428, 0, 138, 1
428, 0, 138, 1
428, 0, 138, 1
428, 0, 138, 1
428, 0, 138, 1
428, 0, 138, 1
428, 0, 138, 1
428, 0, 138, 1
428, 0, 138, 1
428, 0, 138, 1
428, 0, 138, 1
225, 0, 341, 1
428, 0, 138, 1
428, 0, 138, 1
428, 0, 138, 1
543, 0, 23, 1
543, 0, 23, 1
543, 0, 23, 1
543, 0, 23, 1
543, 0, 23, 1
543, 0, 23, 1
543, 0, 23, 1
543, 0, 23, 1
543, 0, 23, 1
543, 0, 23, 1
543, 0, 23, 1
543, 0, 23, 1
543, 0, 23, 1
543, 0, 23, 1
166, 0, 400, 1
166, 0, 400, 1
377, 0, 189, 1
543, 0, 23, 1
543, 0, 23, 1
161, 0, 405, 1
161, 0, 405, 1
161, 0, 405, 1
161, 0, 405, 1
161, 0, 405, 1
543, 0, 23, 1
543, 0, 23, 1
543, 0, 23, 1
543, 0, 23, 1
543, 0, 23, 1
92, 0, 474, 1
92, 0, 474, 1
92, 0, 474, 1
92, 0, 474, 1
92, 0, 474, 1
92, 0, 474, 1
92, 0, 474, 1
40, 0, 526, 1
52, 0, 514, 1
92, 0, 474, 1
92, 0, 474, 1
92, 0, 474, 1
543, 0, 23, 1
92, 0, 474, 1
451, 0, 115, 1
23, 0, 543, 1
428, 0, 138, 1
543, 0, 23, 1
373, 0, 193, 1
373, 0, 193, 1
373, 0, 193, 1
543, 0, 23, 1
195, 0, 371, 1
195, 0, 371, 1
195, 0, 371, 1
0, 0, 566, 1
195, 0, 371, 1
195, 0, 371, 1
543, 0, 23, 1
252, 0, 314, 1
252, 0, 314, 1
252, 0, 314, 1
252, 0, 314, 1
252, 0, 314, 1
251, 0, 315, 1
252, 0, 314, 1
543, 0, 23, 1
168, 0, 398, 1
168, 0, 398, 1
168, 0, 398, 1
168, 0, 398, 1
168, 0, 398, 1
33, 0, 533, 1
33, 0, 533, 1
33, 0, 533, 1
33, 0, 533, 1
33, 0, 533, 1
33, 0, 533, 1
168, 0, 398, 1
168, 0, 398, 1
168, 0, 398, 1
168, 0, 398, 1
168, 0, 398, 1
33, 0, 533, 1
33, 0, 533, 1
33, 0, 533, 1
168, 0, 398, 1
168, 0, 398, 1
168, 0, 398, 1
375, 0, 191, 1
375, 0, 191, 1
375, 0, 191, 1
375, 0, 191, 1
543, 0, 23, 1
166, 0, 400, 1
166, 0, 400, 1
166, 0, 400, 1
166, 0, 400, 1
166, 0, 400, 1
377, 0, 189, 1
377, 0, 189, 1
543, 0, 23, 1
543, 0, 23, 1
161, 0, 405, 1
161, 0, 405, 1
161, 0, 405, 1
161, 0, 405, 1
161, 0, 405, 1
382, 0, 184, 1
543, 0, 23, 1
543, 0, 23, 1
543, 0, 23, 1
543, 0, 23, 1
543, 0, 23, 1
240, 0, 326, 1
240, 0, 326, 1
303, 0, 263, 1
303, 0, 263, 1
303, 0, 263, 1
303, 0, 263, 1
303, 0, 263, 1
303, 0, 263, 1
303, 0, 263, 1
303, 0, 263, 1
303, 0, 263, 1
303, 0, 263, 1
303, 0, 263, 1
303, 0, 263, 1
303, 0, 263, 1
303, 0, 263, 1
303, 0, 263, 1
543, 0, 23, 1
543, 0, 23, 1
543, 0, 23, 1
543, 0, 23, 1
99, 0, 467, 1
99, 0, 467, 1
99, 0, 467, 1
99, 0, 467, 1
99, 0, 467, 1
543, 0, 23, 1
543, 0, 23, 1
543, 0, 23, 1
543, 0, 23, 1
543, 0, 23, 1
543, 0, 23, 1
543, 0, 23, 1
543, 0, 23, 1
166, 0, 400, 1
166, 0, 400, 1
166, 0, 400, 1
166, 0, 400, 1
166, 0, 400, 1
166, 0, 400, 1
166, 0, 400, 1
166, 0, 400, 1
543, 0, 23, 1
543, 0, 23, 1
543, 0, 23, 1
543, 0, 23, 1
543, 0, 23, 1
543, 0, 23, 1
543, 0, 23, 1
543, 0, 23, 1
543, 0, 23, 1
161, 0, 405, 1
161, 0, 405, 1
161, 0, 405, 1
161, 0, 405, 1
161, 0, 405, 1
161, 0, 405, 1
161, 0, 405, 1
161, 0, 405, 1
161, 0, 405, 1
161, 0, 405, 1
161, 0, 405, 1
161, 0, 405, 1
161, 0, 405, 1
543, 0, 23, 1
543, 0, 23, 1
252, 0, 314, 1
252, 0, 314, 1
252, 0, 314, 1
252, 0, 314, 1
252, 0, 314, 1
252, 0, 314, 1
252, 0, 314, 1
252, 0, 314, 1
252, 0, 314, 1
252, 0, 314, 1
252, 0, 314, 1
0, 0, 566, 1
0, 0, 566, 1
252, 0, 314, 1
252, 0, 314, 1
252, 0, 314, 1
252, 0, 314, 1
252, 0, 314, 1
252, 0, 314, 1
252, 0, 314, 1
0, 0, 566, 1
252, 0, 314, 1
252, 0, 314, 1
252, 0, 314, 1
252, 0, 314, 1
252, 0, 314, 1
252, 0, 314, 1
252, 0, 314, 1
252, 0, 314, 1
252, 0, 314, 1
252, 0, 314, 1
252, 0, 314, 1
252, 0, 314, 1
0, 0, 566, 1
252, 0, 314, 1
252, 0, 314, 1
252, 0, 314, 1
252, 0, 314, 1
543, 0, 23, 1
543, 0, 23, 1
543, 0, 23, 1
543, 0, 23, 1
543, 0, 23, 1
543, 0, 23, 1
543, 0, 23, 1
537, 0, 29, 1
537, 0, 29, 1
537, 0, 29, 1
543, 0, 23, 1
537, 0, 29, 1
537, 0, 29, 1
537, 0, 29, 1
543, 0, 23, 1
543, 0, 23, 1
543, 0, 23, 1
115, 0, 451, 1
428, 0, 138, 1
1, 0, 565, 1
1, 0, 565, 1
427, 0, 139, 1
543, 0, 23, 1
543, 0, 23, 1
543, 0, 23, 1
543, 0, 23, 1
543, 0, 23, 1
543, 0, 23, 1
543, 0, 23, 1
543, 0, 23, 1
543, 0, 23, 1
543, 0, 23, 1
543, 0, 23, 1
161, 0, 405, 1
161, 0, 405, 1
161, 0, 405, 1
161, 0, 405, 1
543, 0, 23, 1
543, 0, 23, 1
99, 0, 467, 1
99, 0, 467, 1
31, 0, 535, 1
31, 0, 535, 1
31, 0, 535, 1
31, 0, 535, 1
444, 0, 122, 1
130, 0, 436, 1
130, 0, 436, 1
130, 0, 436, 1
130, 0, 436, 1
543, 0, 23, 1
543, 0, 23, 1
543, 0, 23, 1
113, 0, 453, 1
543, 0, 23, 1
560, 0, 6, 1
560, 0, 6, 1
0, 0, 566, 1
0, 0, 566, 1
560, 0, 6, 1
560, 0, 6, 1
560, 0, 6, 1
560, 0, 6, 1
560, 0, 6, 1
5, 0, 561, 1
5, 0, 561, 1
0, 0, 566, 1
5, 0, 561, 1
5, 0, 561, 1
560, 0, 6, 1
560, 0, 6, 1
560, 0, 6, 1
566, 1, 0, 0
566, 1, 0, 0
566, 1, 0, 0
566, 1, 0, 0
0, 0, 566, 1
566, 1, 0, 0
5, 0, 561, 1
5, 0, 561, 1
5, 0, 561, 1
0, 0, 566, 1
5, 0, 561, 1
5, 0, 561, 1
7, 0, 559, 1
7, 0, 559, 1
7, 0, 559, 1
0, 0, 566, 1
7, 0, 559, 1
7, 0, 559, 1
543, 0, 23, 1
543, 0, 23, 1
543, 0, 23, 1
543, 0, 23, 1
543, 0, 23, 1
543, 0, 23, 1
543, 0, 23, 1
543, 0, 23, 1
549, 0, 17, 1
549, 0, 17, 1
0, 0, 566, 1
549, 0, 17, 1
1, 0, 565, 1
548, 0, 18, 1
3, 0, 563, 1
3, 0, 563, 1
561, 0, 5, 1
561, 0, 5, 1
561, 0, 5, 1
561, 0, 5, 1
561, 0, 5, 1
0, 0, 566, 1
561, 0, 5, 1
561, 0, 5, 1
435, 0, 131, 1
435, 0, 131, 1
435, 0, 131, 1
435, 0, 131, 1
435, 0, 131, 1
318, 0, 248, 1
318, 0, 248, 1
318, 0, 248, 1
318, 0, 248, 1
318, 0, 248, 1
318, 0, 248, 1
318, 0, 248, 1
4, 0, 562, 1
317, 0, 249, 1
315, 0, 251, 1
0, 0, 566, 1
0, 0, 566, 1
316, 0, 250, 1
316, 0, 250, 1
316, 0, 250, 1
318, 0, 248, 1
543, 0, 23, 1
543, 0, 23, 1
538, 0, 28, 1
543, 0, 23, 1
543, 0, 23, 1
543, 0, 23, 1
543, 0, 23, 1
538, 0, 28, 1
538, 0, 28, 1
538, 0, 28, 1
533, 0, 33, 1
533, 0, 33, 1
538, 0, 28, 1
538, 0, 28, 1
15, 0, 551, 1
15, 0, 551, 1
15, 0, 551, 1
0, 0, 566, 1
0, 0, 566, 1
0, 0, 566, 1
0, 0, 566, 1
1, 0, 565, 1
1, 0, 565, 1
1, 0, 565, 1
1, 0, 565, 1
1, 0, 565, 1
1, 0, 565, 1
0, 0, 566, 1
3, 0, 563, 1
3, 0, 563, 1
3, 0, 563, 1
0, 0, 566, 1
560, 0, 6, 1
560, 0, 6, 1
3, 0, 563, 1
557, 0, 9, 1
1, 0, 565, 1
557, 0, 9, 1
557, 0, 9, 1
557, 0, 9, 1
557, 0, 9, 1
557, 0, 9, 1
0, 0, 566, 1
557, 0, 9, 1
557, 0, 9, 1
557, 0, 9, 1
557, 0, 9, 1
539, 0, 27, 1
539, 0, 27, 1
539, 0, 27, 1
557, 0, 9, 1
540, 0, 26, 1
557, 0, 9, 1
560, 0, 6, 1
560, 0, 6, 1
560, 0, 6, 1
560, 0, 6, 1
560, 0, 6, 1
560, 0, 6, 1
553, 0, 13, 1
553, 0, 13, 1
553, 0, 13, 1
553, 0, 13, 1
553, 0, 13, 1
23, 0, 543, 1
23, 0, 543, 1
23, 0, 543, 1
23, 0, 543, 1
23, 0, 543, 1
23, 0, 543, 1
23, 0, 543, 1
23, 0, 543, 1
23, 0, 543, 1
23, 0, 543, 1
516, 0, 50, 1
516, 0, 50, 1
486, 0, 80, 1
486, 0, 80, 1
516, 0, 50, 1
516, 0, 50, 1
511, 0, 55, 1
516, 0, 50, 1
516, 0, 50, 1
516, 0, 50, 1
99, 0, 467, 1
99, 0, 467, 1
99, 0, 467, 1
99, 0, 467, 1
226, 0, 340, 1
226, 0, 340, 1
1, 0, 565, 1
1, 0, 565, 1
220, 0, 346, 1
1, 0, 565, 1
120, 0, 446, 1
4, 0, 562, 1
1, 0, 565, 1
5, 0, 561, 1
5, 0, 561, 1
5, 0, 561, 1
5, 0, 561, 1
5, 0, 561, 1
5, 0, 561, 1
5, 0, 561, 1
5, 0, 561, 1
1, 0, 565, 1
1, 0, 565, 1
1, 0, 565, 1
1, 0, 565, 1
1, 0, 565, 1
1, 0, 565, 1
1, 0, 565, 1
1, 0, 565, 1
100, 0, 466, 1
5, 0, 561, 1
5, 0, 561, 1
5, 0, 561, 1
543, 0, 23, 1
543, 0, 23, 1
543, 0, 23, 1
543, 0, 23, 1
543, 0, 23, 1
543, 0, 23, 1
543, 0, 23, 1
543, 0, 23, 1
92, 0, 474, 1
92, 0, 474, 1
92, 0, 474, 1
92, 0, 474, 1
33, 0, 533, 1
33, 0, 533, 1
33, 0, 533, 1
33, 0, 533, 1
553, 0, 13, 1
553, 0, 13, 1
553, 0, 13, 1
543, 0, 23, 1
553, 0, 13, 1
543, 0, 23, 1
543, 0, 23, 1
543, 0, 23, 1
543, 0, 23, 1
543, 0, 23, 1
1, 0, 565, 1
1, 0, 565, 1
1, 0, 565, 1
1, 0, 565, 1
1, 0, 565, 1
1, 0, 565, 1
1, 0, 565, 1
516, 0, 50, 1
516, 0, 50, 1
516, 0, 50, 1
516, 0, 50, 1
516, 0, 50, 1
543, 0, 23, 1
543, 0, 23, 1
543, 0, 23, 1
543, 0, 23, 1
543, 0, 23, 1
553, 0, 13, 1
553, 0, 13, 1
553, 0, 13, 1
553, 0, 13, 1
553, 0, 13, 1
16, 0, 550, 1
16, 0, 550, 1
16, 0, 550, 1
14, 0, 552, 1
14, 0, 552, 1
15, 0, 551, 1
14, 0, 552, 1
15, 0, 551, 1
14, 0, 552, 1
15, 0, 551, 1
16, 0, 550, 1
16, 0, 550, 1
14, 0, 552, 1
14, 0, 552, 1
14, 0, 552, 1
14, 0, 552, 1
14, 0, 552, 1
33, 0, 533, 1
33, 0, 533, 1
33, 0, 533, 1
33, 0, 533, 1
0, 0, 566, 1
33, 0, 533, 1
553, 0, 13, 1
553, 0, 13, 1
553, 0, 13, 1
553, 0, 13, 1
553, 0, 13, 1
551, 0, 15, 1
551, 0, 15, 1
551, 0, 15, 1
551, 0, 15, 1
551, 0, 15, 1
551, 0, 15, 1
551, 0, 15, 1
551, 0, 15, 1
0, 0, 566, 1
553, 0, 13, 1
553, 0, 13, 1
2, 0, 564, 1
551, 0, 15, 1
92, 0, 474, 1
92, 0, 474, 1
92, 0, 474, 1
92, 0, 474, 1
92, 0, 474, 1
92, 0, 474, 1
84, 0, 482, 1
92, 0, 474, 1
92, 0, 474, 1
0, 0, 566, 1
0, 0, 566, 1
0, 0, 566, 1
0, 0, 566, 1
0, 0, 566, 1
543, 0, 23, 1
543, 0, 23, 1
543, 0, 23, 1
543, 0, 23, 1
543, 0, 23, 1
543, 0, 23, 1
552, 0, 14, 1
552, 0, 14, 1
431, 0, 135, 1
552, 0, 14, 1
552, 0, 14, 1
552, 0, 14, 1
552, 0, 14, 1
99, 0, 467, 1
99, 0, 467, 1
99, 0, 467, 1
98, 0, 468, 1
99, 0, 467, 1
14, 0, 552, 1
14, 0, 552, 1
14, 0, 552, 1
14, 0, 552, 1
14, 0, 552, 1
14, 0, 552, 1
14, 0, 552, 1
14, 0, 552, 1
14, 0, 552, 1
14, 0, 552, 1
14, 0, 552, 1
14, 0, 552, 1
14, 0, 552, 1
14, 0, 552, 1
99, 0, 467, 1
99, 0, 467, 1
99, 0, 467, 1
99, 0, 467, 1
99, 0, 467, 1
99, 0, 467, 1
0, 0, 566, 1
0, 0, 566, 1
0, 0, 566, 1
99, 0, 467, 1
99, 0, 467, 1
0, 0, 566, 1
99, 0, 467, 1
99, 0, 467, 1
99, 0, 467, 1
99, 0, 467, 1
99, 0, 467, 1
99, 0, 467, 1
552, 0, 14, 1
552, 0, 14, 1
552, 0, 14, 1
552, 0, 14, 1
5, 0, 561, 1
552, 0, 14, 1
552, 0, 14, 1
552, 0, 14, 1
33, 0, 533, 1
33, 0, 533, 1
1, 0, 565, 1
33, 0, 533, 1
552, 0, 14, 1
552, 0, 14, 1
70, 0, 496, 1
70, 0, 496, 1
70, 0, 496, 1
70, 0, 496, 1
66, 0, 500, 1
66, 0, 500, 1
70, 0, 496, 1
70, 0, 496, 1
70, 0, 496, 1
552, 0, 14, 1
552, 0, 14, 1
552, 0, 14, 1
552, 0, 14, 1
552, 0, 14, 1
552, 0, 14, 1
0, 0, 566, 1
552, 0, 14, 1
0, 0, 566, 1
552, 0, 14, 1
552, 0, 14, 1
552, 0, 14, 1
552, 0, 14, 1
552, 0, 14, 1
99, 0, 467, 1
99, 0, 467, 1
0, 0, 566, 1
99, 0, 467, 1
99, 0, 467, 1
0, 0, 566, 1
0, 0, 566, 1
0, 0, 566, 1
0, 0, 566, 1
99, 0, 467, 1
0, 0, 566, 1
552, 0, 14, 1
552, 0, 14, 1
0, 0, 566, 1
552, 0, 14, 1
0, 0, 566, 1
552, 0, 14, 1
552, 0, 14, 1
552, 0, 14, 1
552, 0, 14, 1
407, 0, 159, 1
407, 0, 159, 1
408, 0, 158, 1
408, 0, 158, 1
407, 0, 159, 1
407, 0, 159, 1
408, 0, 158, 1
408, 0, 158, 1
408, 0, 158, 1
408, 0, 158, 1
311, 0, 255, 1
311, 0, 255, 1
0, 0, 566, 1
311, 0, 255, 1
0, 0, 566, 1
311, 0, 255, 1
311, 0, 255, 1
311, 0, 255, 1
311, 0, 255, 1
112, 0, 454, 1
112, 0, 454, 1
311, 0, 255, 1
99, 0, 467, 1
99, 0, 467, 1
213, 0, 353, 1
213, 0, 353, 1
213, 0, 353, 1
213, 0, 353, 1
311, 0, 255, 1
311, 0, 255, 1
425, 0, 141, 1
425, 0, 141, 1
0, 0, 566, 1
0, 0, 566, 1
425, 0, 141, 1
425, 0, 141, 1
425, 0, 141, 1
99, 0, 467, 1
99, 0, 467, 1
99, 0, 467, 1
98, 0, 468, 1
98, 0, 468, 1
99, 0, 467, 1
99, 0, 467, 1
99, 0, 467, 1
99, 0, 467, 1
99, 0, 467, 1
99, 0, 467, 1
560, 0, 6, 1
560, 0, 6, 1
1, 0, 565, 1
0, 0, 566, 1
1, 0, 565, 1
1, 0, 565, 1
1, 0, 565, 1
1, 0, 565, 1
1, 0, 565, 1
1, 0, 565, 1
1, 0, 565, 1
1, 0, 565, 1
1, 0, 565, 1
1, 0, 565, 1
560, 0, 6, 1
560, 0, 6, 1
560, 0, 6, 1
560, 0, 6, 1
560, 0, 6, 1
560, 0, 6, 1
560, 0, 6, 1
560, 0, 6, 1
560, 0, 6, 1
560, 0, 6, 1
560, 0, 6, 1
560, 0, 6, 1
543, 0, 23, 1
542, 0, 24, 1
294, 0, 272, 1
560, 0, 6, 1
552, 0, 14, 1
552, 0, 14, 1
552, 0, 14, 1
552, 0, 14, 1
0, 0, 566, 1
552, 0, 14, 1
552, 0, 14, 1
552, 0, 14, 1
553, 0, 13, 1
553, 0, 13, 1
3, 0, 563, 1
3, 0, 563, 1
3, 0, 563, 1
3, 0, 563, 1
3, 0, 563, 1
553, 0, 13, 1
0, 0, 566, 1
553, 0, 13, 1
553, 0, 13, 1
553, 0, 13, 1
560, 0, 6, 1
560, 0, 6, 1
560, 0, 6, 1
560, 0, 6, 1
6, 0, 560, 1
1, 0, 565, 1
5, 0, 561, 1
560, 0, 6, 1
560, 0, 6, 1
0, 0, 566, 1
560, 0, 6, 1
5, 0, 561, 1
5, 0, 561, 1
560, 0, 6, 1
560, 0, 6, 1
560, 0, 6, 1
560, 0, 6, 1
560, 0, 6, 1
560, 0, 6, 1
560, 0, 6, 1
428, 0, 138, 1
428, 0, 138, 1
428, 0, 138, 1
428, 0, 138, 1
428, 0, 138, 1
432, 0, 134, 1
432, 0, 134, 1
432, 0, 134, 1
129, 0, 437, 1
125, 0, 441, 1
5, 0, 561, 1
428, 0, 138, 1
560, 0, 6, 1
560, 0, 6, 1
560, 0, 6, 1
560, 0, 6, 1
560, 0, 6, 1
560, 0, 6, 1
560, 0, 6, 1
125, 0, 441, 1
125, 0, 441, 1
1, 0, 565, 1
125, 0, 441, 1
118, 0, 448, 1
118, 0, 448, 1
0, 0, 566, 1
0, 0, 566, 1
0, 0, 566, 1
0, 0, 566, 1
0, 0, 566, 1
0, 0, 566, 1
0, 0, 566, 1
0, 0, 566, 1
0, 0, 566, 1
560, 0, 6, 1
560, 0, 6, 1
560, 0, 6, 1
0, 0, 566, 1
560, 0, 6, 1
560, 0, 6, 1
0, 0, 566, 1
560, 0, 6, 1
560, 0, 6, 1
560, 0, 6, 1
560, 0, 6, 1
560, 0, 6, 1
6, 0, 560, 1
6, 0, 560, 1
428, 0, 138, 1
428, 0, 138, 1
428, 0, 138, 1
428, 0, 138, 1
428, 0, 138, 1
428, 0, 138, 1
428, 0, 138, 1
428, 0, 138, 1
341, 0, 225, 1
341, 0, 225, 1
340, 0, 226, 1
340, 0, 226, 1
340, 0, 226, 1
192, 0, 374, 1
192, 0, 374, 1
192, 0, 374, 1
192, 0, 374, 1
428, 0, 138, 1
428, 0, 138, 1
273, 0, 293, 1
273, 0, 293, 1
2, 0, 564, 1
2, 0, 564, 1
2, 0, 564, 1
428, 0, 138, 1
428, 0, 138, 1
340, 0, 226, 1
192, 0, 374, 1
192, 0, 374, 1
428, 0, 138, 1
428, 0, 138, 1
101, 0, 465, 1
428, 0, 138, 1
428, 0, 138, 1
428, 0, 138, 1
428, 0, 138, 1
428, 0, 138, 1
428, 0, 138, 1
215, 0, 351, 1
213, 0, 353, 1
428, 0, 138, 1
0, 0, 566, 1
428, 0, 138, 1
340, 0, 226, 1
340, 0, 226, 1
340, 0, 226, 1
340, 0, 226, 1
174, 0, 392, 1
174, 0, 392, 1
174, 0, 392, 1
174, 0, 392, 1
166, 0, 400, 1
166, 0, 400, 1
166, 0, 400, 1
340, 0, 226, 1
428, 0, 138, 1
29, 0, 537, 1
29, 0, 537, 1
29, 0, 537, 1
29, 0, 537, 1
29, 0, 537, 1
29, 0, 537, 1
29, 0, 537, 1
29, 0, 537, 1
92, 0, 474, 1
92, 0, 474, 1
92, 0, 474, 1
0, 0, 566, 1
92, 0, 474, 1
92, 0, 474, 1
92, 0, 474, 1
0, 0, 566, 1
92, 0, 474, 1
92, 0, 474, 1
92, 0, 474, 1
60, 0, 506, 1
92, 0, 474, 1
92, 0, 474, 1
10, 0, 556, 1
92, 0, 474, 1
92, 0, 474, 1
92, 0, 474, 1
92, 0, 474, 1
92, 0, 474, 1
92, 0, 474, 1
92, 0, 474, 1
92, 0, 474, 1
55, 0, 511, 1
92, 0, 474, 1
92, 0, 474, 1
55, 0, 511, 1
55, 0, 511, 1
543, 0, 23, 1
543, 0, 23, 1
543, 0, 23, 1
543, 0, 23, 1
543, 0, 23, 1
543, 0, 23, 1
215, 0, 351, 1
215, 0, 351, 1
212, 0, 354, 1
212, 0, 354, 1
215, 0, 351, 1
543, 0, 23, 1
428, 0, 138, 1
428, 0, 138, 1
428, 0, 138, 1
428, 0, 138, 1
18, 0, 548, 1
428, 0, 138, 1
428, 0, 138, 1
428, 0, 138, 1
428, 0, 138, 1
428, 0, 138, 1
428, 0, 138, 1
428, 0, 138, 1
428, 0, 138, 1
428, 0, 138, 1
428, 0, 138, 1
428, 0, 138, 1
428, 0, 138, 1
428, 0, 138, 1
428, 0, 138, 1
428, 0, 138, 1
205, 0, 361, 1
428, 0, 138, 1
428, 0, 138, 1
428, 0, 138, 1
428, 0, 138, 1
428, 0, 138, 1
428, 0, 138, 1
422, 0, 144, 1
422, 0, 144, 1
423, 0, 143, 1
423, 0, 143, 1
423, 0, 143, 1
423, 0, 143, 1
191, 0, 375, 1
191, 0, 375, 1
139, 0, 427, 1
191, 0, 375, 1
0, 0, 566, 1
191, 0, 375, 1
191, 0, 375, 1
152, 0, 414, 1
152, 0, 414, 1
152, 0, 414, 1
152, 0, 414, 1
1, 0, 565, 1
152, 0, 414, 1
375, 0, 191, 1
423, 0, 143, 1
423, 0, 143, 1
423, 0, 143, 1
1, 0, 565, 1
423, 0, 143, 1
423, 0, 143, 1
423, 0, 143, 1
423, 0, 143, 1
423, 0, 143, 1
423, 0, 143, 1
423, 0, 143, 1
423, 0, 143, 1
199, 0, 367, 1
423, 0, 143, 1
428, 0, 138, 1
428, 0, 138, 1
222, 0, 344, 1
428, 0, 138, 1
282, 0, 284, 1
0, 0, 566, 1
428, 0, 138, 1
428, 0, 138, 1
428, 0, 138, 1
428, 0, 138, 1
428, 0, 138, 1
320, 0, 246, 1
320, 0, 246, 1
0, 0, 566, 1
428, 0, 138, 1
428, 0, 138, 1
428, 0, 138, 1
0, 0, 566, 1
0, 0, 566, 1
0, 0, 566, 1
428, 0, 138, 1
428, 0, 138, 1
428, 0, 138, 1
236, 0, 330, 1
428, 0, 138, 1
428, 0, 138, 1
428, 0, 138, 1
428, 0, 138, 1
428, 0, 138, 1
428, 0, 138, 1
428, 0, 138, 1
340, 0, 226, 1
340, 0, 226, 1
340, 0, 226, 1
340, 0, 226, 1
340, 0, 226, 1
0, 0, 566, 1
0, 0, 566, 1
0, 0, 566, 1
340, 0, 226, 1
340, 0, 226, 1
325, 0, 241, 1
340, 0, 226, 1
340, 0, 226, 1
340, 0, 226, 1
174, 0, 392, 1
340, 0, 226, 1
340, 0, 226, 1
340, 0, 226, 1
340, 0, 226, 1
428, 0, 138, 1
428, 0, 138, 1
152, 0, 414, 1
57, 0, 509, 1
152, 0, 414, 1
152, 0, 414, 1
140, 0, 426, 1
152, 0, 414, 1
152, 0, 414, 1
152, 0, 414, 1
152, 0, 414, 1
428, 0, 138, 1
92, 0, 474, 1
92, 0, 474, 1
92, 0, 474, 1
92, 0, 474, 1
92, 0, 474, 1
92, 0, 474, 1
92, 0, 474, 1
92, 0, 474, 1
92, 0, 474, 1
92, 0, 474, 1
92, 0, 474, 1
92, 0, 474, 1
92, 0, 474, 1
428, 0, 138, 1
428, 0, 138, 1
0, 0, 566, 1
428, 0, 138, 1
428, 0, 138, 1
428, 0, 138, 1
428, 0, 138, 1
428, 0, 138, 1
428, 0, 138, 1
428, 0, 138, 1
428, 0, 138, 1
428, 0, 138, 1
428, 0, 138, 1
428, 0, 138, 1
428, 0, 138, 1
428, 0, 138, 1
378, 0, 188, 1
378, 0, 188, 1
428, 0, 138, 1
560, 0, 6, 1
560, 0, 6, 1
0, 0, 566, 1
560, 0, 6, 1
560, 0, 6, 1
552, 0, 14, 1
552, 0, 14, 1
0, 0, 566, 1
0, 0, 566, 1
0, 0, 566, 1
552, 0, 14, 1
560, 0, 6, 1
19, 0, 547, 1
18, 0, 548, 1
18, 0, 548, 1
19, 0, 547, 1
16, 0, 550, 1
16, 0, 550, 1
17, 0, 549, 1
17, 0, 549, 1
17, 0, 549, 1
17, 0, 549, 1
1, 0, 565, 1
1, 0, 565, 1
2, 0, 564, 1
2, 0, 564, 1
19, 0, 547, 1
19, 0, 547, 1
19, 0, 547, 1
19, 0, 547, 1
2, 0, 564, 1
2, 0, 564, 1
18, 0, 548, 1
8, 0, 558, 1
8, 0, 558, 1
18, 0, 548, 1
11, 0, 555, 1
17, 0, 549, 1
18, 0, 548, 1
2, 0, 564, 1
2, 0, 564, 1
6, 0, 560, 1
6, 0, 560, 1
2, 0, 564, 1
2, 0, 564, 1
0, 0, 566, 1
0, 0, 566, 1
0, 0, 566, 1
0, 0, 566, 1
17, 0, 549, 1
17, 0, 549, 1
0, 0, 566, 1
560, 0, 6, 1
560, 0, 6, 1
560, 0, 6, 1
560, 0, 6, 1
560, 0, 6, 1
560, 0, 6, 1
560, 0, 6, 1
560, 0, 6, 1
560, 0, 6, 1
560, 0, 6, 1
560, 0, 6, 1
560, 0, 6, 1
560, 0, 6, 1
560, 0, 6, 1
560, 0, 6, 1
560, 0, 6, 1
0, 0, 566, 1
0, 0, 566, 1
0, 0, 566, 1
0, 0, 566, 1
0, 0, 566, 1
0, 0, 566, 1
0, 0, 566, 1
0, 0, 566, 1
0, 0, 566, 1
0, 0, 566, 1
0, 0, 566, 1
0, 0, 566, 1
0, 0, 566, 1
0, 0, 566, 1
0, 0, 566, 1
0, 0, 566, 1
0, 0, 566, 1
0, 0, 566, 1
0, 0, 566, 1
0, 0, 566, 1
560, 0, 6, 1
560, 0, 6, 1
560, 0, 6, 1
560, 0, 6, 1
560, 0, 6, 1
560, 0, 6, 1
560, 0, 6, 1
552, 0, 14, 1
552, 0, 14, 1
560, 0, 6, 1
560, 0, 6, 1
560, 0, 6, 1
560, 0, 6, 1
560, 0, 6, 1
560, 0, 6, 1
0, 0, 566, 1
560, 0, 6, 1
560, 0, 6, 1
560, 0, 6, 1
0, 0, 566, 1
560, 0, 6, 1
551, 0, 15, 1
560, 0, 6, 1
560, 0, 6, 1
560, 0, 6, 1
560, 0, 6, 1
560, 0, 6, 1
560, 0, 6, 1
560, 0, 6, 1
560, 0, 6, 1
560, 0, 6, 1
4, 0, 562, 1
560, 0, 6, 1
560, 0, 6, 1
560, 0, 6, 1
560, 0, 6, 1
560, 0, 6, 1
551, 0, 15, 1
551, 0, 15, 1
551, 0, 15, 1
551, 0, 15, 1
551, 0, 15, 1
551, 0, 15, 1
551, 0, 15, 1
551, 0, 15, 1
3, 0, 563, 1
548, 0, 18, 1
551, 0, 15, 1
551, 0, 15, 1
560, 0, 6, 1
560, 0, 6, 1
0, 0, 566, 1
0, 0, 566, 1
560, 0, 6, 1
553, 0, 13, 1
553, 0, 13, 1
553, 0, 13, 1
1, 0, 565, 1
1, 0, 565, 1
7, 0, 559, 1
7, 0, 559, 1
0, 0, 566, 1
0, 0, 566, 1
7, 0, 559, 1
7, 0, 559, 1
0, 0, 566, 1
0, 0, 566, 1
0, 0, 566, 1
0, 0, 566, 1
0, 0, 566, 1
0, 0, 566, 1
0, 0, 566, 1
0, 0, 566, 1
0, 0, 566, 1
551, 0, 15, 1
551, 0, 15, 1
0, 0, 566, 1
0, 0, 566, 1
553, 0, 13, 1
553, 0, 13, 1
553, 0, 13, 1
553, 0, 13, 1
553, 0, 13, 1
553, 0, 13, 1
553, 0, 13, 1
99, 0, 467, 1
99, 0, 467, 1
99, 0, 467, 1
0, 0, 566, 1
0, 0, 566, 1
99, 0, 467, 1
99, 0, 467, 1
99, 0, 467, 1
99, 0, 467, 1
99, 0, 467, 1
99, 0, 467, 1
0, 0, 566, 1
99, 0, 467, 1
548, 0, 18, 1
548, 0, 18, 1
548, 0, 18, 1
3, 0, 563, 1
3, 0, 563, 1
547, 0, 19, 1
547, 0, 19, 1
547, 0, 19, 1
548, 0, 18, 1
6, 0, 560, 1
4, 0, 562, 1
6, 0, 560, 1
6, 0, 560, 1
6, 0, 560, 1
6, 0, 560, 1
0, 0, 566, 1
6, 0, 560, 1
6, 0, 560, 1
4, 0, 562, 1
4, 0, 562, 1
6, 0, 560, 1
6, 0, 560, 1
6, 0, 560, 1
6, 0, 560, 1
2, 0, 564, 1
2, 0, 564, 1
2, 0, 564, 1
2, 0, 564, 1
0, 0, 566, 1
2, 0, 564, 1
2, 0, 564, 1
2, 0, 564, 1
551, 0, 15, 1
551, 0, 15, 1
0, 0, 566, 1
0, 0, 566, 1
6, 0, 560, 1
0, 0, 566, 1
6, 0, 560, 1
2, 0, 564, 1
0, 0, 566, 1
0, 0, 566, 1
6, 0, 560, 1
6, 0, 560, 1
6, 0, 560, 1
99, 0, 467, 1
97, 0, 469, 1
99, 0, 467, 1
99, 0, 467, 1
99, 0, 467, 1
2, 0, 564, 1
0, 0, 566, 1
2, 0, 564, 1
2, 0, 564, 1
99, 0, 467, 1
33, 0, 533, 1
33, 0, 533, 1
66, 0, 500, 1
99, 0, 467, 1
99, 0, 467, 1
0, 0, 566, 1
0, 0, 566, 1
101, 0, 465, 1
101, 0, 465, 1
101, 0, 465, 1
101, 0, 465, 1
101, 0, 465, 1
101, 0, 465, 1
0, 0, 566, 1
0, 0, 566, 1
101, 0, 465, 1
0, 0, 566, 1
0, 0, 566, 1
101, 0, 465, 1
31, 0, 535, 1
31, 0, 535, 1
101, 0, 465, 1
101, 0, 465, 1
101, 0, 465, 1
101, 0, 465, 1
548, 0, 18, 1
548, 0, 18, 1
0, 0, 566, 1
0, 0, 566, 1
0, 0, 566, 1
548, 0, 18, 1
311, 0, 255, 1
311, 0, 255, 1
311, 0, 255, 1
548, 0, 18, 1
548, 0, 18, 1
100, 0, 466, 1
0, 0, 566, 1
100, 0, 466, 1
100, 0, 466, 1
3, 0, 563, 1
97, 0, 469, 1
100, 0, 466, 1
100, 0, 466, 1
100, 0, 466, 1
100, 0, 466, 1
527, 0, 39, 1
527, 0, 39, 1
548, 0, 18, 1
548, 0, 18, 1
407, 0, 159, 1
407, 0, 159, 1
407, 0, 159, 1
228, 0, 338, 1
228, 0, 338, 1
228, 0, 338, 1
3, 0, 563, 1
3, 0, 563, 1
3, 0, 563, 1
99, 0, 467, 1
99, 0, 467, 1
0, 0, 566, 1
0, 0, 566, 1
99, 0, 467, 1
0, 0, 566, 1
0, 0, 566, 1
0, 0, 566, 1
0, 0, 566, 1
99, 0, 467, 1
99, 0, 467, 1
98, 0, 468, 1
98, 0, 468, 1
0, 0, 566, 1
0, 0, 566, 1
98, 0, 468, 1
98, 0, 468, 1
98, 0, 468, 1
98, 0, 468, 1
0, 0, 566, 1
0, 0, 566, 1
98, 0, 468, 1
98, 0, 468, 1
211, 0, 355, 1
211, 0, 355, 1
211, 0, 355, 1
211, 0, 355, 1
211, 0, 355, 1
116, 0, 450, 1
211, 0, 355, 1
211, 0, 355, 1
211, 0, 355, 1
211, 0, 355, 1
428, 0, 138, 1
318, 0, 248, 1
428, 0, 138, 1
234, 0, 332, 1
428, 0, 138, 1
428, 0, 138, 1
428, 0, 138, 1
116, 0, 450, 1
116, 0, 450, 1
116, 0, 450, 1
314, 0, 252, 1
314, 0, 252, 1
184, 0, 382, 1
184, 0, 382, 1
535, 0, 31, 1
535, 0, 31, 1
0, 0, 566, 1
535, 0, 31, 1
534, 0, 32, 1
424, 0, 142, 1
424, 0, 142, 1
215, 0, 351, 1
215, 0, 351, 1
215, 0, 351, 1
230, 0, 336, 1
3, 0, 563, 1
0, 0, 566, 1
3, 0, 563, 1
0, 0, 566, 1
230, 0, 336, 1
2, 0, 564, 1
230, 0, 336, 1
230, 0, 336, 1
230, 0, 336, 1
230, 0, 336, 1
230, 0, 336, 1
230, 0, 336, 1
413, 0, 153, 1
0, 0, 566, 1
413, 0, 153, 1
413, 0, 153, 1
413, 0, 153, 1
413, 0, 153, 1
413, 0, 153, 1
0, 0, 566, 1
0, 0, 566, 1
0, 0, 566, 1
428, 0, 138, 1
428, 0, 138, 1
428, 0, 138, 1
428, 0, 138, 1
0, 0, 566, 1
0, 0, 566, 1
0, 0, 566, 1
0, 0, 566, 1
0, 0, 566, 1
0, 0, 566, 1
0, 0, 566, 1
0, 0, 566, 1
0, 0, 566, 1
0, 0, 566, 1
0, 0, 566, 1
0, 0, 566, 1
0, 0, 566, 1
0, 0, 566, 1
0, 0, 566, 1
0, 0, 566, 1
0, 0, 566, 1
0, 0, 566, 1
0, 0, 566, 1
0, 0, 566, 1
0, 0, 566, 1
0, 0, 566, 1
0, 0, 566, 1
0, 0, 566, 1
0, 0, 566, 1
0, 0, 566, 1
314, 0, 252, 1
0, 0, 566, 1
314, 0, 252, 1
314, 0, 252, 1
314, 0, 252, 1
314, 0, 252, 1
560, 0, 6, 1
560, 0, 6, 1
560, 0, 6, 1
560, 0, 6, 1
560, 0, 6, 1
560, 0, 6, 1
552, 0, 14, 1
560, 0, 6, 1
560, 0, 6, 1
4, 0, 562, 1
4, 0, 562, 1
4, 0, 562, 1
4, 0, 562, 1
4, 0, 562, 1
4, 0, 562, 1
3, 0, 563, 1
1, 0, 565, 1
3, 0, 563, 1
4, 0, 562, 1
4, 0, 562, 1
4, 0, 562, 1
4, 0, 562, 1
4, 0, 562, 1
4, 0, 562, 1
4, 0, 562, 1
4, 0, 562, 1
4, 0, 562, 1
4, 0, 562, 1
0, 0, 566, 1
4, 0, 562, 1
4, 0, 562, 1
4, 0, 562, 1
4, 0, 562, 1
0, 0, 566, 1
0, 0, 566, 1
0, 0, 566, 1
0, 0, 566, 1
4, 0, 562, 1
0, 0, 566, 1
4, 0, 562, 1
0, 0, 566, 1
4, 0, 562, 1
4, 0, 562, 1
4, 0, 562, 1
551, 0, 15, 1
551, 0, 15, 1
0, 0, 566, 1
0, 0, 566, 1
551, 0, 15, 1
1, 0, 565, 1
1, 0, 565, 1
0, 0, 566, 1
0, 0, 566, 1
1, 0, 565, 1
6, 0, 560, 1
6, 0, 560, 1
6, 0, 560, 1
1, 0, 565, 1
6, 0, 560, 1
6, 0, 560, 1
6, 0, 560, 1
6, 0, 560, 1
6, 0, 560, 1
6, 0, 560, 1
6, 0, 560, 1
2, 0, 564, 1
2, 0, 564, 1
2, 0, 564, 1
2, 0, 564, 1
7, 0, 559, 1
7, 0, 559, 1
7, 0, 559, 1
7, 0, 559, 1
0, 0, 566, 1
0, 0, 566, 1
0, 0, 566, 1
0, 0, 566, 1
0, 0, 566, 1
0, 0, 566, 1
0, 0, 566, 1
1, 0, 565, 1
1, 0, 565, 1
1, 0, 565, 1
1, 0, 565, 1
8, 0, 558, 1
8, 0, 558, 1
8, 0, 558, 1
40, 0, 526, 1
40, 0, 526, 1
39, 0, 527, 1
39, 0, 527, 1
40, 0, 526, 1
47, 0, 519, 1
47, 0, 519, 1
47, 0, 519, 1
4, 0, 562, 1
4, 0, 562, 1
560, 0, 6, 1
560, 0, 6, 1
560, 0, 6, 1
560, 0, 6, 1
560, 0, 6, 1
560, 0, 6, 1
560, 0, 6, 1
0, 0, 566, 1
560, 0, 6, 1
560, 0, 6, 1
560, 0, 6, 1
560, 0, 6, 1
560, 0, 6, 1
560, 0, 6, 1
560, 0, 6, 1
560, 0, 6, 1
560, 0, 6, 1
560, 0, 6, 1
560, 0, 6, 1
560, 0, 6, 1
560, 0, 6, 1
560, 0, 6, 1
560, 0, 6, 1
560, 0, 6, 1
560, 0, 6, 1
560, 0, 6, 1
560, 0, 6, 1
560, 0, 6, 1
560, 0, 6, 1
560, 0, 6, 1
560, 0, 6, 1
560, 0, 6, 1
560, 0, 6, 1
560, 0, 6, 1
560, 0, 6, 1
560, 0, 6, 1
560, 0, 6, 1
560, 0, 6, 1
560, 0, 6, 1
0, 0, 566, 1
0, 0, 566, 1
0, 0, 566, 1
0, 0, 566, 1
7, 0, 559, 1
7, 0, 559, 1
7, 0, 559, 1
119, 0, 447, 1
119, 0, 447, 1
119, 0, 447, 1
0, 0, 566, 1
0, 0, 566, 1
0, 0, 566, 1
1, 0, 565, 1
1, 0, 565, 1
7, 0, 559, 1
7, 0, 559, 1
123, 0, 443, 1
123, 0, 443, 1
123, 0, 443, 1
123, 0, 443, 1
123, 0, 443, 1
123, 0, 443, 1
7, 0, 559, 1
7, 0, 559, 1
560, 0, 6, 1
560, 0, 6, 1
560, 0, 6, 1
560, 0, 6, 1
560, 0, 6, 1
560, 0, 6, 1
560, 0, 6, 1
0, 0, 566, 1
0, 0, 566, 1
0, 0, 566, 1
0, 0, 566, 1
0, 0, 566, 1
0, 0, 566, 1
0, 0, 566, 1
0, 0, 566, 1
0, 0, 566, 1
0, 0, 566, 1
0, 0, 566, 1
0, 0, 566, 1
0, 0, 566, 1
0, 0, 566, 1
0, 0, 566, 1
0, 0, 566, 1
0, 0, 566, 1
125, 0, 441, 1
125, 0, 441, 1
125, 0, 441, 1
125, 0, 441, 1
125, 0, 441, 1
7, 0, 559, 1
7, 0, 559, 1
133, 0, 433, 1
133, 0, 433, 1
133, 0, 433, 1
125, 0, 441, 1
125, 0, 441, 1
125, 0, 441, 1
124, 0, 442, 1
124, 0, 442, 1
124, 0, 442, 1
0, 0, 566, 1
0, 0, 566, 1
0, 0, 566, 1
124, 0, 442, 1
124, 0, 442, 1
124, 0, 442, 1
0, 0, 566, 1
0, 0, 566, 1
0, 0, 566, 1
0, 0, 566, 1
0, 0, 566, 1
0, 0, 566, 1
0, 0, 566, 1
0, 0, 566, 1
0, 0, 566, 1
0, 0, 566, 1
0, 0, 566, 1
0, 0, 566, 1
0, 0, 566, 1
0, 0, 566, 1
0, 0, 566, 1
0, 0, 566, 1
123, 0, 443, 1
123, 0, 443, 1
123, 0, 443, 1
130, 0, 436, 1
130, 0, 436, 1
130, 0, 436, 1
130, 0, 436, 1
130, 0, 436, 1
130, 0, 436, 1
130, 0, 436, 1
7, 0, 559, 1
130, 0, 436, 1
125, 0, 441, 1
125, 0, 441, 1
125, 0, 441, 1
125, 0, 441, 1
125, 0, 441, 1
125, 0, 441, 1
0, 0, 566, 1
125, 0, 441, 1
125, 0, 441, 1
125, 0, 441, 1
125, 0, 441, 1
125, 0, 441, 1
125, 0, 441, 1
0, 0, 566, 1
125, 0, 441, 1
125, 0, 441, 1
125, 0, 441, 1
0, 0, 566, 1
0, 0, 566, 1
0, 0, 566, 1
0, 0, 566, 1
0, 0, 566, 1
0, 0, 566, 1
0, 0, 566, 1
0, 0, 566, 1
0, 0, 566, 1
0, 0, 566, 1
0, 0, 566, 1
0, 0, 566, 1
0, 0, 566, 1
0, 0, 566, 1
0, 0, 566, 1
0, 0, 566, 1
0, 0, 566, 1
0, 0, 566, 1
0, 0, 566, 1
0, 0, 566, 1
0, 0, 566, 1
0, 0, 566, 1
0, 0, 566, 1
0, 0, 566, 1
0, 0, 566, 1
0, 0, 566, 1
0, 0, 566, 1
0, 0, 566, 1
0, 0, 566, 1
0, 0, 566, 1
0, 0, 566, 1
0, 0, 566, 1
0, 0, 566, 1
0, 0, 566, 1
0, 0, 566, 1
0, 0, 566, 1
0, 0, 566, 1
0, 0, 566, 1
0, 0, 566, 1
0, 0, 566, 1
0, 0, 566, 1
0, 0, 566, 1
0, 0, 566, 1
0, 0, 566, 1
0, 0, 566, 1
0, 0, 566, 1
0, 0, 566, 1
0, 0, 566, 1
0, 0, 566, 1
0, 0, 566, 1
0, 0, 566, 1
0, 0, 566, 1
0, 0, 566, 1
0, 0, 566, 1
0, 0, 566, 1
0, 0, 566, 1
0, 0, 566, 1
0, 0, 566, 1
0, 0, 566, 1
0, 0, 566, 1
0, 0, 566, 1
0, 0, 566, 1
0, 0, 566, 1
0, 0, 566, 1
0, 0, 566, 1
0, 0, 566, 1
0, 0, 566, 1
0, 0, 566, 1
0, 0, 566, 1
0, 0, 566, 1
0, 0, 566, 1
0, 0, 566, 1
0, 0, 566, 1
0, 0, 566, 1
0, 0, 566, 1
0, 0, 566, 1
0, 0, 566, 1
0, 0, 566, 1
0, 0, 566, 1
0, 0, 566, 1
0, 0, 566, 1
0, 0, 566, 1
0, 0, 566, 1
0, 0, 566, 1
0, 0, 566, 1
0, 0, 566, 1
0, 0, 566, 1
0, 0, 566, 1
0, 0, 566, 1
0, 0, 566, 1
0, 0, 566, 1
0, 0, 566, 1
0, 0, 566, 1
0, 0, 566, 1
0, 0, 566, 1
0, 0, 566, 1
0, 0, 566, 1
0, 0, 566, 1
0, 0, 566, 1
0, 0, 566, 1
0, 0, 566, 1
0, 0, 566, 1
0, 0, 566, 1
0, 0, 566, 1
0, 0, 566, 1
0, 0, 566, 1
0, 0, 566, 1
0, 0, 566, 1
0, 0, 566, 1
0, 0, 566, 1
0, 0, 566, 1
0, 0, 566, 1
0, 0, 566, 1
0, 0, 566, 1
0, 0, 566, 1
0, 0, 566, 1
0, 0, 566, 1
0, 0, 566, 1
0, 0, 566, 1
0, 0, 566, 1
0, 0, 566, 1
0, 0, 566, 1
0, 0, 566, 1
0, 0, 566, 1
0, 0, 566, 1
0, 0, 566, 1
0, 0, 566, 1
0, 0, 566, 1
0, 0, 566, 1
0, 0, 566, 1
0, 0, 566, 1
0, 0, 566, 1
0, 0, 566, 1
0, 0, 566, 1
0, 0, 566, 1
0, 0, 566, 1
0, 0, 566, 1
0, 0, 566, 1
0, 0, 566, 1
0, 0, 566, 1
0, 0, 566, 1
0, 0, 566, 1
0, 0, 566, 1
0, 0, 566, 1
0, 0, 566, 1
0, 0, 566, 1
0, 0, 566, 1
0, 0, 566, 1
0, 0, 566, 1
0, 0, 566, 1
0, 0, 566, 1
0, 0, 566, 1
0, 0, 566, 1
0, 0, 566, 1
0, 0, 566, 1
0, 0, 566, 1
0, 0, 566, 1
0, 0, 566, 1
0, 0, 566, 1
0, 0, 566, 1
552, 0, 14, 1
552, 0, 14, 1
552, 0, 14, 1
552, 0, 14, 1
552, 0, 14, 1
552, 0, 14, 1
0, 0, 566, 1
552, 0, 14, 1
0, 0, 566, 1
0, 0, 566, 1
0, 0, 566, 1
553, 0, 13, 1
553, 0, 13, 1
553, 0, 13, 1
1, 0, 565, 1
1, 0, 565, 1
1, 0, 565, 1
127, 0, 439, 1
127, 0, 439, 1
127, 0, 439, 1
0, 0, 566, 1
0, 0, 566, 1
0, 0, 566, 1
0, 0, 566, 1
0, 0, 566, 1
0, 0, 566, 1
6, 0, 560, 1
6, 0, 560, 1
99, 0, 467, 1
99, 0, 467, 1
314, 0, 252, 1
314, 0, 252, 1
99, 0, 467, 1
99, 0, 467, 1
99, 0, 467, 1
99, 0, 467, 1
99, 0, 467, 1
101, 0, 465, 1
101, 0, 465, 1
101, 0, 465, 1
101, 0, 465, 1
101, 0, 465, 1
0, 0, 566, 1
0, 0, 566, 1
0, 0, 566, 1
0, 0, 566, 1
0, 0, 566, 1
0, 0, 566, 1
0, 0, 566, 1
0, 0, 566, 1
5, 0, 561, 1
5, 0, 561, 1
0, 0, 566, 1
0, 0, 566, 1
0, 0, 566, 1
0, 0, 566, 1
0, 0, 566, 1
0, 0, 566, 1
1, 0, 565, 1
1, 0, 565, 1
548, 0, 18, 1
548, 0, 18, 1
548, 0, 18, 1
548, 0, 18, 1
548, 0, 18, 1
548, 0, 18, 1
548, 0, 18, 1
548, 0, 18, 1
0, 0, 566, 1
11, 0, 555, 1
11, 0, 555, 1
11, 0, 555, 1
11, 0, 555, 1
11, 0, 555, 1
11, 0, 555, 1
11, 0, 555, 1
11, 0, 555, 1
11, 0, 555, 1
0, 0, 566, 1
6, 0, 560, 1
6, 0, 560, 1
119, 0, 447, 1
119, 0, 447, 1
119, 0, 447, 1
119, 0, 447, 1
428, 0, 138, 1
428, 0, 138, 1
428, 0, 138, 1
116, 0, 450, 1
0, 0, 566, 1
116, 0, 450, 1
116, 0, 450, 1
116, 0, 450, 1
428, 0, 138, 1
428, 0, 138, 1
428, 0, 138, 1
428, 0, 138, 1
118, 0, 448, 1
118, 0, 448, 1
118, 0, 448, 1
118, 0, 448, 1
2, 0, 564, 1
118, 0, 448, 1
118, 0, 448, 1
35, 0, 531, 1
35, 0, 531, 1
0, 0, 566, 1
83, 0, 483, 1
83, 0, 483, 1
83, 0, 483, 1
118, 0, 448, 1
531, 0, 35, 1
531, 0, 35, 1
531, 0, 35, 1
531, 0, 35, 1
2, 0, 564, 1
2, 0, 564, 1
6, 0, 560, 1
6, 0, 560, 1
0, 0, 566, 1
0, 0, 566, 1
0, 0, 566, 1
0, 0, 566, 1
0, 0, 566, 1
6, 0, 560, 1
6, 0, 560, 1
0, 0, 566, 1
0, 0, 566, 1
0, 0, 566, 1
0, 0, 566, 1
0, 0, 566, 1
314, 0, 252, 1
314, 0, 252, 1
314, 0, 252, 1
314, 0, 252, 1
0, 0, 566, 1
0, 0, 566, 1
0, 0, 566, 1
0, 0, 566, 1
0, 0, 566, 1
215, 0, 351, 1
215, 0, 351, 1
215, 0, 351, 1
215, 0, 351, 1
215, 0, 351, 1
0, 0, 566, 1
0, 0, 566, 1
0, 0, 566, 1
0, 0, 566, 1
0, 0, 566, 1
422, 0, 144, 1
422, 0, 144, 1
230, 0, 336, 1
230, 0, 336, 1
230, 0, 336, 1
230, 0, 336, 1
230, 0, 336, 1
423, 0, 143, 1
423, 0, 143, 1
428, 0, 138, 1
428, 0, 138, 1
0, 0, 566, 1
0, 0, 566, 1
0, 0, 566, 1
0, 0, 566, 1
0, 0, 566, 1
0, 0, 566, 1
0, 0, 566, 1
0, 0, 566, 1
0, 0, 566, 1
0, 0, 566, 1
0, 0, 566, 1
0, 0, 566, 1
0, 0, 566, 1
0, 0, 566, 1
0, 0, 566, 1
0, 0, 566, 1
0, 0, 566, 1
0, 0, 566, 1
0, 0, 566, 1
0, 0, 566, 1
0, 0, 566, 1
0, 0, 566, 1
0, 0, 566, 1
0, 0, 566, 1
0, 0, 566, 1
0, 0, 566, 1
0, 0, 566, 1
0, 0, 566, 1
0, 0, 566, 1
0, 0, 566, 1
0, 0, 566, 1
99, 0, 467, 1
99, 0, 467, 1
99, 0, 467, 1
99, 0, 467, 1
99, 0, 467, 1
99, 0, 467, 1
99, 0, 467, 1
0, 0, 566, 1
0, 0, 566, 1
0, 0, 566, 1
0, 0, 566, 1
0, 0, 566, 1
0, 0, 566, 1
0, 0, 566, 1
0, 0, 566, 1
0, 0, 566, 1
0, 0, 566, 1
0, 0, 566, 1
0, 0, 566, 1
117, 0, 449, 1
117, 0, 449, 1
117, 0, 449, 1
7, 0, 559, 1
7, 0, 559, 1
7, 0, 559, 1
7, 0, 559, 1
5, 0, 561, 1
5, 0, 561, 1
5, 0, 561, 1
5, 0, 561, 1
0, 0, 566, 1
0, 0, 566, 1
0, 0, 566, 1
0, 0, 566, 1
0, 0, 566, 1
0, 0, 566, 1
0, 0, 566, 1
0, 0, 566, 1
0, 0, 566, 1
0, 0, 566, 1
0, 0, 566, 1
0, 0, 566, 1
123, 0, 443, 1
123, 0, 443, 1
123, 0, 443, 1
123, 0, 443, 1
123, 0, 443, 1
123, 0, 443, 1
548, 0, 18, 1
548, 0, 18, 1
548, 0, 18, 1
548, 0, 18, 1
548, 0, 18, 1
548, 0, 18, 1
5, 0, 561, 1
5, 0, 561, 1
5, 0, 561, 1
526, 0, 40, 1
526, 0, 40, 1
526, 0, 40, 1
551, 0, 15, 1
551, 0, 15, 1
551, 0, 15, 1
551, 0, 15, 1
551, 0, 15, 1
551, 0, 15, 1
551, 0, 15, 1
551, 0, 15, 1
551, 0, 15, 1
0, 0, 566, 1
0, 0, 566, 1
0, 0, 566, 1
526, 0, 40, 1
526, 0, 40, 1
526, 0, 40, 1
523, 0, 43, 1
523, 0, 43, 1
523, 0, 43, 1
0, 0, 566, 1
0, 0, 566, 1
0, 0, 566, 1
526, 0, 40, 1
526, 0, 40, 1
526, 0, 40, 1
0, 0, 566, 1
0, 0, 566, 1
0, 0, 566, 1
0, 0, 566, 1
0, 0, 566, 1
226, 0, 340, 1
226, 0, 340, 1
226, 0, 340, 1
5, 0, 561, 1
226, 0, 340, 1
113, 0, 453, 1
113, 0, 453, 1
113, 0, 453, 1
113, 0, 453, 1
0, 0, 566, 1
0, 0, 566, 1
0, 0, 566, 1
0, 0, 566, 1
0, 0, 566, 1
0, 0, 566, 1
432, 0, 134, 1
560, 0, 6, 1
560, 0, 6, 1
560, 0, 6, 1
560, 0, 6, 1
560, 0, 6, 1
560, 0, 6, 1
560, 0, 6, 1
0, 0, 566, 1
0, 0, 566, 1
0, 0, 566, 1
0, 0, 566, 1
0, 0, 566, 1
0, 0, 566, 1
0, 0, 566, 1
0, 0, 566, 1
0, 0, 566, 1
0, 0, 566, 1
560, 0, 6, 1
546, 0, 20, 1
546, 0, 20, 1
546, 0, 20, 1
546, 0, 20, 1
546, 0, 20, 1
1, 0, 565, 1
1, 0, 565, 1
1, 0, 565, 1
560, 0, 6, 1
560, 0, 6, 1
560, 0, 6, 1
560, 0, 6, 1
560, 0, 6, 1
0, 0, 566, 1
0, 0, 566, 1
0, 0, 566, 1
0, 0, 566, 1
0, 0, 566, 1
1, 0, 565, 1
0, 0, 566, 1
560, 0, 6, 1
560, 0, 6, 1
560, 0, 6, 1
560, 0, 6, 1
560, 0, 6, 1
0, 0, 566, 1
560, 0, 6, 1
0, 0, 566, 1
0, 0, 566, 1
0, 0, 566, 1
560, 0, 6, 1
560, 0, 6, 1
1, 0, 565, 1
560, 0, 6, 1
0, 0, 566, 1
560, 0, 6, 1
560, 0, 6, 1
0, 0, 566, 1
0, 0, 566, 1
0, 0, 566, 1
0, 0, 566, 1
0, 0, 566, 1
0, 0, 566, 1
0, 0, 566, 1
0, 0, 566, 1
0, 0, 566, 1
0, 0, 566, 1
0, 0, 566, 1
0, 0, 566, 1
0, 0, 566, 1
560, 0, 6, 1
560, 0, 6, 1
560, 0, 6, 1
560, 0, 6, 1
546, 0, 20, 1
546, 0, 20, 1
546, 0, 20, 1
0, 0, 566, 1
0, 0, 566, 1
560, 0, 6, 1
560, 0, 6, 1
560, 0, 6, 1
560, 0, 6, 1
560, 0, 6, 1
560, 0, 6, 1
560, 0, 6, 1
560, 0, 6, 1
560, 0, 6, 1
560, 0, 6, 1
1, 0, 565, 1
1, 0, 565, 1
1, 0, 565, 1
1, 0, 565, 1
1, 0, 565, 1
1, 0, 565, 1
1, 0, 565, 1
1, 0, 565, 1
1, 0, 565, 1
560, 0, 6, 1
0, 0, 566, 1
0, 0, 566, 1
0, 0, 566, 1
0, 0, 566, 1
0, 0, 566, 1
0, 0, 566, 1
0, 0, 566, 1
0, 0, 566, 1
0, 0, 566, 1
0, 0, 566, 1
0, 0, 566, 1
0, 0, 566, 1
0, 0, 566, 1
124, 0, 442, 1
124, 0, 442, 1
124, 0, 442, 1
124, 0, 442, 1
0, 0, 566, 1
0, 0, 566, 1
0, 0, 566, 1
0, 0, 566, 1
0, 0, 566, 1
0, 0, 566, 1
0, 0, 566, 1
0, 0, 566, 1
0, 0, 566, 1
0, 0, 566, 1
124, 0, 442, 1
124, 0, 442, 1
124, 0, 442, 1
124, 0, 442, 1
124, 0, 442, 1
116, 0, 450, 1
116, 0, 450, 1
116, 0, 450, 1
0, 0, 566, 1
0, 0, 566, 1
0, 0, 566, 1
0, 0, 566, 1
0, 0, 566, 1
0, 0, 566, 1
0, 0, 566, 1
0, 0, 566, 1
0, 0, 566, 1
0, 0, 566, 1
0, 0, 566, 1
0, 0, 566, 1
0, 0, 566, 1
0, 0, 566, 1
116, 0, 450, 1
116, 0, 450, 1
116, 0, 450, 1
116, 0, 450, 1
116, 0, 450, 1
546, 0, 20, 1
546, 0, 20, 1
0, 0, 566, 1
546, 0, 20, 1
546, 0, 20, 1
546, 0, 20, 1
0, 0, 566, 1
0, 0, 566, 1
0, 0, 566, 1
0, 0, 566, 1
0, 0, 566, 1
0, 0, 566, 1
0, 0, 566, 1
0, 0, 566, 1
0, 0, 566, 1
0, 0, 566, 1
560, 0, 6, 1
560, 0, 6, 1
560, 0, 6, 1
560, 0, 6, 1
560, 0, 6, 1
560, 0, 6, 1
560, 0, 6, 1
560, 0, 6, 1
560, 0, 6, 1
0, 0, 566, 1
560, 0, 6, 1
560, 0, 6, 1
560, 0, 6, 1
0, 0, 566, 1
560, 0, 6, 1
560, 0, 6, 1
560, 0, 6, 1
0, 0, 566, 1
0, 0, 566, 1
0, 0, 566, 1
0, 0, 566, 1
0, 0, 566, 1
0, 0, 566, 1
0, 0, 566, 1
560, 0, 6, 1
560, 0, 6, 1
560, 0, 6, 1
560, 0, 6, 1
560, 0, 6, 1
560, 0, 6, 1
560, 0, 6, 1
560, 0, 6, 1
560, 0, 6, 1
560, 0, 6, 1
560, 0, 6, 1
560, 0, 6, 1
560, 0, 6, 1
560, 0, 6, 1
546, 0, 20, 1
560, 0, 6, 1
0, 0, 566, 1
0, 0, 566, 1
0, 0, 566, 1
0, 0, 566, 1
0, 0, 566, 1
0, 0, 566, 1
0, 0, 566, 1
0, 0, 566, 1
0, 0, 566, 1
0, 0, 566, 1
0, 0, 566, 1
0, 0, 566, 1
0, 0, 566, 1
0, 0, 566, 1
0, 0, 566, 1
0, 0, 566, 1
0, 0, 566, 1
0, 0, 566, 1
0, 0, 566, 1
0, 0, 566, 1
0, 0, 566, 1
0, 0, 566, 1
0, 0, 566, 1
0, 0, 566, 1
0, 0, 566, 1
0, 0, 566, 1
0, 0, 566, 1
0, 0, 566, 1
0, 0, 566, 1
0, 0, 566, 1
0, 0, 566, 1
0, 0, 566, 1
0, 0, 566, 1
124, 0, 442, 1
124, 0, 442, 1
124, 0, 442, 1
124, 0, 442, 1
124, 0, 442, 1
124, 0, 442, 1
0, 0, 566, 1
124, 0, 442, 1
0, 0, 566, 1
124, 0, 442, 1
124, 0, 442, 1
124, 0, 442, 1
124, 0, 442, 1
124, 0, 442, 1
0, 0, 566, 1
124, 0, 442, 1
124, 0, 442, 1
0, 0, 566, 1
0, 0, 566, 1
0, 0, 566, 1
560, 0, 6, 1
560, 0, 6, 1
0, 0, 566, 1
0, 0, 566, 1
0, 0, 566, 1
0, 0, 566, 1
0, 0, 566, 1
546, 0, 20, 1
546, 0, 20, 1
1, 0, 565, 1
1, 0, 565, 1
546, 0, 20, 1
561, 0, 5, 1
561, 0, 5, 1
561, 0, 5, 1
561, 0, 5, 1
561, 0, 5, 1
1, 0, 565, 1
0, 0, 566, 1
0, 0, 566, 1
560, 0, 6, 1
560, 0, 6, 1
566, 1, 0, 0
566, 1, 0, 0
33, 0, 533, 1
33, 0, 533, 1
543, 0, 23, 1
543, 0, 23, 1
543, 0, 23, 1
543, 0, 23, 1
