1282
565, 2, 0, 0
565, 2, 0, 0
565, 2, 0, 0
565, 2, 0, 0
565, 2, 0, 0
558, 2, 7, 0
541, 2, 24, 0
541, 2, 24, 0
541, 2, 24, 0
6, 0, 559, 2
541, 2, 24, 0
1, 0, 564, 2
541, 2, 24, 0
541, 2, 24, 0
0, 0, 565, 2
558, 2, 7, 0
558, 2, 7, 0
163, 0, 402, 2
0, 0, 565, 2
163, 0, 402, 2
1, 0, 564, 2
162, 0, 403, 2
162, 0, 403, 2
162, 0, 403, 2
162, 0, 403, 2
557, 2, 8, 0
162, 0, 403, 2
557, 2, 8, 0
552, 2, 13, 0
78, 1, 487, 1
474, 1, 91, 1
557, 2, 8, 0
552, 2, 13, 0
119, 2, 446, 0
433, 0, 132, 2
557, 2, 8, 0
120, 2, 445, 0
3, 0, 562, 2
117, 2, 448, 0
1, 0, 564, 2
116, 2, 449, 0
0, 0, 565, 2
116, 2, 449, 0
0, 0, 565, 2
116, 2, 449, 0
1, 0, 564, 2
552, 2, 13, 0
0, 0, 565, 2
552, 2, 13, 0
0, 0, 565, 2
0, 0, 565, 2
552, 2, 13, 0
304, 1, 261, 1
304, 1, 261, 1
304, 1, 261, 1
304, 1, 261, 1
304, 1, 261, 1
248, 1, 317, 1
248, 1, 317, 1
248, 1, 317, 1
552, 2, 13, 0
549, 2, 16, 0
548, 2, 17, 0
0, 0, 565, 2
548, 2, 17, 0
548, 2, 17, 0
548, 2, 17, 0
549, 2, 16, 0
549, 2, 16, 0
0, 0, 565, 2
549, 2, 16, 0
552, 2, 13, 0
1, 0, 564, 2
551, 2, 14, 0
1, 0, 564, 2
0, 0, 565, 2
1, 0, 564, 2
1, 0, 564, 2
1, 0, 564, 2
1, 0, 564, 2
1, 0, 564, 2
1, 0, 564, 2
1, 0, 564, 2
1, 0, 564, 2
1, 0, 564, 2
1, 0, 564, 2
1, 0, 564, 2
1, 0, 564, 2
1, 0, 564, 2
1, 0, 564, 2
1, 0, 564, 2
1, 0, 564, 2
1, 0, 564, 2
0, 0, 565, 2
1, 0, 564, 2
1, 0, 564, 2
1, 0, 564, 2
551, 2, 14, 0
1, 0, 564, 2
551, 2, 14, 0
551, 2, 14, 0
563, 2, 2, 0
563, 2, 2, 0
2, 0, 563, 2
0, 0, 565, 2
2, 0, 563, 2
0, 0, 565, 2
563, 2, 2, 0
11, 0, 554, 2
0, 0, 565, 2
11, 0, 554, 2
0, 0, 565, 2
11, 0, 554, 2
0, 0, 565, 2
563, 2, 2, 0
5, 0, 560, 2
0, 0, 565, 2
5, 0, 560, 2
0, 0, 565, 2
5, 0, 560, 2
5, 0, 560, 2
0, 0, 565, 2
5, 0, 560, 2
0, 0, 565, 2
563, 2, 2, 0
9, 0, 556, 2
9, 0, 556, 2
9, 0, 556, 2
0, 0, 565, 2
9, 0, 556, 2
3, 0, 562, 2
9, 0, 556, 2
2, 0, 563, 2
9, 0, 556, 2
2, 0, 563, 2
9, 0, 556, 2
2, 0, 563, 2
9, 0, 556, 2
2, 0, 563, 2
9, 0, 556, 2
0, 0, 565, 2
9, 0, 556, 2
2, 0, 563, 2
9, 0, 556, 2
2, 0, 563, 2
9, 0, 556, 2
9, 0, 556, 2
9, 0, 556, 2
2, 0, 563, 2
9, 0, 556, 2
3, 0, 562, 2
9, 0, 556, 2
6, 0, 559, 2
9, 0, 556, 2
2, 0, 563, 2
9, 0, 556, 2
4, 0, 561, 2
9, 0, 556, 2
0, 0, 565, 2
9, 0, 556, 2
1, 0, 564, 2
8, 0, 557, 2
9, 0, 556, 2
9, 0, 556, 2
3, 0, 562, 2
9, 0, 556, 2
1, 0, 564, 2
9, 0, 556, 2
1, 0, 564, 2
9, 0, 556, 2
8, 0, 557, 2
9, 0, 556, 2
8, 0, 557, 2
9, 0, 556, 2
2, 0, 563, 2
9, 0, 556, 2
0, 0, 565, 2
9, 0, 556, 2
1, 0, 564, 2
9, 0, 556, 2
0, 0, 565, 2
9, 0, 556, 2
9, 0, 556, 2
9, 0, 556, 2
9, 0, 556, 2
9, 0, 556, 2
2, 0, 563, 2
7, 0, 558, 2
0, 0, 565, 2
7, 0, 558, 2
9, 0, 556, 2
0, 0, 565, 2
9, 0, 556, 2
9, 0, 556, 2
9, 0, 556, 2
2, 0, 563, 2
7, 0, 558, 2
9, 0, 556, 2
9, 0, 556, 2
9, 0, 556, 2
1, 0, 564, 2
1, 0, 564, 2
8, 0, 557, 2
8, 0, 557, 2
8, 0, 557, 2
8, 0, 557, 2
8, 0, 557, 2
8, 0, 557, 2
8, 0, 557, 2
9, 0, 556, 2
8, 0, 557, 2
8, 0, 557, 2
9, 0, 556, 2
8, 0, 557, 2
8, 0, 557, 2
9, 0, 556, 2
9, 0, 556, 2
9, 0, 556, 2
563, 2, 2, 0
565, 2, 0, 0
565, 2, 0, 0
565, 2, 0, 0
565, 2, 0, 0
565, 2, 0, 0
565, 2, 0, 0
565, 2, 0, 0
565, 2, 0, 0
565, 2, 0, 0
565, 2, 0, 0
565, 2, 0, 0
565, 2, 0, 0
565, 2, 0, 0
565, 2, 0, 0
565, 2, 0, 0
565, 2, 0, 0
565, 2, 0, 0
565, 2, 0, 0
565, 2, 0, 0
565, 2, 0, 0
0, 0, 565, 2
565, 2, 0, 0
565, 2, 0, 0
565, 2, 0, 0
565, 2, 0, 0
548, 2, 17, 0
0, 0, 565, 2
0, 0, 565, 2
0, 0, 565, 2
0, 0, 565, 2
0, 0, 565, 2
0, 0, 565, 2
0, 0, 565, 2
0, 0, 565, 2
548, 2, 17, 0
548, 2, 17, 0
0, 0, 565, 2
0, 0, 565, 2
2, 0, 563, 2
2, 0, 563, 2
5, 0, 560, 2
5, 0, 560, 2
1, 0, 564, 2
475, 2, 90, 0
1, 0, 564, 2
474, 2, 91, 0
474, 2, 91, 0
474, 2, 91, 0
474, 2, 91, 0
474, 2, 91, 0
474, 2, 91, 0
472, 2, 93, 0
243, 0, 322, 2
243, 0, 322, 2
242, 1, 323, 1
242, 1, 323, 1
15, 0, 550, 2
15, 0, 550, 2
16, 2, 549, 0
16, 2, 549, 0
163, 0, 402, 2
163, 0, 402, 2
242, 0, 323, 2
242, 0, 323, 2
1, 0, 564, 2
473, 2, 92, 0
252, 0, 313, 2
252, 0, 313, 2
84, 0, 481, 2
84, 0, 481, 2
84, 0, 481, 2
80, 0, 485, 2
80, 0, 485, 2
80, 0, 485, 2
1, 0, 564, 2
1, 0, 564, 2
3, 0, 562, 2
3, 0, 562, 2
3, 0, 562, 2
3, 0, 562, 2
163, 0, 402, 2
163, 0, 402, 2
3, 0, 562, 2
3, 0, 562, 2
1, 0, 564, 2
1, 0, 564, 2
0, 0, 565, 2
1, 0, 564, 2
1, 0, 564, 2
1, 0, 564, 2
4, 0, 561, 2
1, 0, 564, 2
3, 0, 562, 2
3, 0, 562, 2
14, 0, 551, 2
14, 0, 551, 2
4, 0, 561, 2
1, 0, 564, 2
3, 0, 562, 2
3, 0, 562, 2
3, 0, 562, 2
3, 0, 562, 2
3, 0, 562, 2
3, 0, 562, 2
21, 1, 544, 1
21, 1, 544, 1
9, 0, 556, 2
9, 0, 556, 2
1, 0, 564, 2
1, 0, 564, 2
3, 0, 562, 2
3, 0, 562, 2
3, 0, 562, 2
3, 0, 562, 2
2, 0, 563, 2
2, 0, 563, 2
0, 0, 565, 2
0, 0, 565, 2
545, 2, 20, 0
559, 2, 6, 0
559, 2, 6, 0
559, 2, 6, 0
558, 2, 7, 0
558, 2, 7, 0
558, 2, 7, 0
558, 2, 7, 0
558, 2, 7, 0
558, 2, 7, 0
558, 2, 7, 0
558, 2, 7, 0
558, 2, 7, 0
558, 2, 7, 0
558, 2, 7, 0
558, 2, 7, 0
558, 2, 7, 0
558, 2, 7, 0
558, 2, 7, 0
1, 0, 564, 2
1, 0, 564, 2
549, 2, 16, 0
6, 0, 559, 2
543, 2, 22, 0
5, 0, 560, 2
5, 0, 560, 2
0, 0, 565, 2
538, 2, 27, 0
543, 2, 22, 0
161, 0, 404, 2
382, 2, 183, 0
0, 0, 565, 2
543, 2, 22, 0
161, 0, 404, 2
382, 2, 183, 0
0, 0, 565, 2
543, 2, 22, 0
12, 0, 553, 2
2, 0, 563, 2
2, 0, 563, 2
10, 0, 555, 2
0, 0, 565, 2
12, 0, 553, 2
1, 0, 564, 2
1, 0, 564, 2
1, 0, 564, 2
0, 0, 565, 2
12, 0, 553, 2
5, 0, 560, 2
12, 0, 553, 2
1, 0, 564, 2
543, 2, 22, 0
168, 0, 397, 2
543, 2, 22, 0
33, 0, 532, 2
543, 2, 22, 0
2, 0, 563, 2
2, 0, 563, 2
0, 0, 565, 2
0, 0, 565, 2
0, 0, 565, 2
541, 2, 24, 0
168, 0, 397, 2
541, 2, 24, 0
0, 0, 565, 2
0, 0, 565, 2
541, 2, 24, 0
252, 0, 313, 2
541, 2, 24, 0
466, 1, 99, 1
75, 1, 490, 1
541, 2, 24, 0
0, 0, 565, 2
0, 0, 565, 2
0, 0, 565, 2
541, 2, 24, 0
0, 0, 565, 2
0, 0, 565, 2
0, 0, 565, 2
0, 0, 565, 2
0, 0, 565, 2
0, 0, 565, 2
0, 0, 565, 2
0, 0, 565, 2
0, 0, 565, 2
541, 2, 24, 0
541, 2, 24, 0
92, 0, 473, 2
449, 2, 116, 0
449, 2, 116, 0
541, 2, 24, 0
252, 0, 313, 2
541, 2, 24, 0
161, 0, 404, 2
541, 2, 24, 0
161, 0, 404, 2
161, 0, 404, 2
541, 2, 24, 0
0, 0, 565, 2
0, 0, 565, 2
0, 0, 565, 2
0, 0, 565, 2
0, 0, 565, 2
0, 0, 565, 2
0, 0, 565, 2
0, 0, 565, 2
541, 2, 24, 0
161, 0, 404, 2
380, 2, 185, 0
380, 2, 185, 0
541, 2, 24, 0
0, 0, 565, 2
541, 2, 24, 0
295, 1, 270, 1
246, 1, 319, 1
541, 2, 24, 0
541, 2, 24, 0
541, 2, 24, 0
295, 1, 270, 1
541, 2, 24, 0
558, 2, 7, 0
558, 2, 7, 0
558, 2, 7, 0
558, 2, 7, 0
558, 2, 7, 0
558, 2, 7, 0
558, 2, 7, 0
558, 2, 7, 0
558, 2, 7, 0
558, 2, 7, 0
558, 2, 7, 0
558, 2, 7, 0
558, 2, 7, 0
558, 2, 7, 0
558, 2, 7, 0
558, 2, 7, 0
558, 2, 7, 0
558, 2, 7, 0
558, 2, 7, 0
558, 2, 7, 0
558, 2, 7, 0
558, 2, 7, 0
558, 2, 7, 0
558, 2, 7, 0
558, 2, 7, 0
558, 2, 7, 0
558, 2, 7, 0
558, 2, 7, 0
558, 2, 7, 0
558, 2, 7, 0
558, 2, 7, 0
558, 2, 7, 0
558, 2, 7, 0
558, 2, 7, 0
558, 2, 7, 0
558, 2, 7, 0
558, 2, 7, 0
558, 2, 7, 0
558, 2, 7, 0
558, 2, 7, 0
558, 2, 7, 0
558, 2, 7, 0
558, 2, 7, 0
1, 0, 564, 2
1, 0, 564, 2
1, 0, 564, 2
1, 0, 564, 2
1, 0, 564, 2
1, 0, 564, 2
1, 0, 564, 2
1, 0, 564, 2
1, 0, 564, 2
1, 0, 564, 2
1, 0, 564, 2
1, 0, 564, 2
1, 0, 564, 2
1, 0, 564, 2
1, 0, 564, 2
1, 0, 564, 2
1, 0, 564, 2
1, 0, 564, 2
1, 0, 564, 2
1, 0, 564, 2
1, 0, 564, 2
1, 0, 564, 2
1, 0, 564, 2
1, 0, 564, 2
1, 0, 564, 2
1, 0, 564, 2
1, 0, 564, 2
1, 0, 564, 2
1, 0, 564, 2
1, 0, 564, 2
1, 0, 564, 2
1, 0, 564, 2
1, 0, 564, 2
1, 0, 564, 2
1, 0, 564, 2
1, 0, 564, 2
1, 0, 564, 2
1, 0, 564, 2
1, 0, 564, 2
1, 0, 564, 2
1, 0, 564, 2
1, 0, 564, 2
429, 2, 136, 0
429, 2, 136, 0
429, 2, 136, 0
429, 2, 136, 0
429, 2, 136, 0
426, 2, 139, 0
3, 0, 562, 2
429, 2, 136, 0
429, 2, 136, 0
2, 0, 563, 2
2, 0, 563, 2
2, 0, 563, 2
429, 2, 136, 0
429, 2, 136, 0
549, 2, 16, 0
549, 2, 16, 0
2, 0, 563, 2
2, 0, 563, 2
2, 0, 563, 2
2, 0, 563, 2
2, 0, 563, 2
549, 2, 16, 0
549, 2, 16, 0
429, 2, 136, 0
549, 2, 16, 0
549, 2, 16, 0
549, 2, 16, 0
549, 2, 16, 0
549, 2, 16, 0
549, 2, 16, 0
4, 0, 561, 2
4, 0, 561, 2
4, 0, 561, 2
4, 0, 561, 2
4, 0, 561, 2
4, 0, 561, 2
4, 0, 561, 2
4, 0, 561, 2
4, 0, 561, 2
4, 0, 561, 2
4, 0, 561, 2
4, 0, 561, 2
4, 0, 561, 2
541, 2, 24, 0
541, 2, 24, 0
514, 0, 51, 2
514, 0, 51, 2
4, 0, 561, 2
4, 0, 561, 2
4, 0, 561, 2
4, 0, 561, 2
541, 2, 24, 0
33, 0, 532, 2
33, 0, 532, 2
33, 0, 532, 2
33, 0, 532, 2
33, 0, 532, 2
33, 0, 532, 2
33, 0, 532, 2
33, 0, 532, 2
33, 0, 532, 2
33, 0, 532, 2
33, 0, 532, 2
4, 0, 561, 2
4, 0, 561, 2
4, 0, 561, 2
4, 0, 561, 2
4, 0, 561, 2
4, 0, 561, 2
4, 0, 561, 2
4, 0, 561, 2
4, 0, 561, 2
4, 0, 561, 2
4, 0, 561, 2
4, 0, 561, 2
4, 0, 561, 2
4, 0, 561, 2
4, 0, 561, 2
4, 0, 561, 2
4, 0, 561, 2
4, 0, 561, 2
4, 0, 561, 2
4, 0, 561, 2
4, 0, 561, 2
4, 0, 561, 2
4, 0, 561, 2
4, 0, 561, 2
4, 0, 561, 2
4, 0, 561, 2
4, 0, 561, 2
4, 0, 561, 2
4, 0, 561, 2
4, 0, 561, 2
4, 0, 561, 2
4, 0, 561, 2
541, 2, 24, 0
541, 2, 24, 0
541, 2, 24, 0
541, 2, 24, 0
541, 2, 24, 0
541, 2, 24, 0
541, 2, 24, 0
541, 2, 24, 0
541, 2, 24, 0
541, 2, 24, 0
541, 2, 24, 0
541, 2, 24, 0
541, 2, 24, 0
541, 2, 24, 0
541, 2, 24, 0
541, 2, 24, 0
541, 2, 24, 0
541, 2, 24, 0
541, 2, 24, 0
541, 2, 24, 0
541, 2, 24, 0
541, 2, 24, 0
541, 2, 24, 0
541, 2, 24, 0
541, 2, 24, 0
541, 2, 24, 0
0, 0, 565, 2
541, 2, 24, 0
541, 2, 24, 0
541, 2, 24, 0
541, 2, 24, 0
1, 0, 564, 2
1, 0, 564, 2
1, 0, 564, 2
1, 0, 564, 2
1, 0, 564, 2
1, 0, 564, 2
1, 0, 564, 2
1, 0, 564, 2
1, 0, 564, 2
1, 0, 564, 2
1, 0, 564, 2
0, 0, 565, 2
1, 0, 564, 2
541, 2, 24, 0
541, 2, 24, 0
541, 2, 24, 0
541, 2, 24, 0
541, 2, 24, 0
541, 2, 24, 0
541, 2, 24, 0
541, 2, 24, 0
541, 2, 24, 0
541, 2, 24, 0
13, 1, 552, 1
13, 1, 552, 1
541, 2, 24, 0
541, 2, 24, 0
196, 1, 369, 1
196, 1, 369, 1
0, 0, 565, 2
0, 0, 565, 2
0, 0, 565, 2
0, 0, 565, 2
0, 0, 565, 2
196, 1, 369, 1
194, 1, 371, 1
541, 2, 24, 0
92, 0, 473, 2
92, 0, 473, 2
92, 0, 473, 2
92, 0, 473, 2
449, 2, 116, 0
21, 2, 544, 0
21, 1, 544, 1
0, 1, 565, 1
21, 2, 544, 0
21, 2, 544, 0
21, 2, 544, 0
21, 2, 544, 0
21, 2, 544, 0
21, 2, 544, 0
541, 2, 24, 0
541, 2, 24, 0
541, 2, 24, 0
541, 2, 24, 0
541, 2, 24, 0
541, 2, 24, 0
541, 2, 24, 0
541, 2, 24, 0
541, 2, 24, 0
541, 2, 24, 0
541, 2, 24, 0
541, 2, 24, 0
0, 0, 565, 2
541, 2, 24, 0
449, 2, 116, 0
0, 0, 565, 2
449, 2, 116, 0
449, 2, 116, 0
449, 2, 116, 0
541, 2, 24, 0
541, 2, 24, 0
541, 2, 24, 0
541, 2, 24, 0
541, 2, 24, 0
541, 2, 24, 0
541, 2, 24, 0
541, 2, 24, 0
541, 2, 24, 0
13, 1, 552, 1
541, 2, 24, 0
541, 2, 24, 0
541, 2, 24, 0
541, 2, 24, 0
541, 2, 24, 0
541, 2, 24, 0
541, 2, 24, 0
541, 2, 24, 0
541, 2, 24, 0
541, 2, 24, 0
541, 2, 24, 0
541, 2, 24, 0
33, 0, 532, 2
541, 2, 24, 0
541, 2, 24, 0
13, 1, 552, 1
541, 2, 24, 0
541, 2, 24, 0
541, 2, 24, 0
480, 2, 85, 0
480, 2, 85, 0
480, 2, 85, 0
12, 1, 553, 1
480, 2, 85, 0
480, 2, 85, 0
480, 2, 85, 0
480, 2, 85, 0
541, 2, 24, 0
541, 2, 24, 0
541, 2, 24, 0
0, 0, 565, 2
0, 0, 565, 2
0, 0, 565, 2
0, 0, 565, 2
0, 0, 565, 2
0, 0, 565, 2
541, 2, 24, 0
541, 2, 24, 0
541, 2, 24, 0
541, 2, 24, 0
194, 1, 371, 1
194, 1, 371, 1
541, 2, 24, 0
21, 2, 544, 0
21, 2, 544, 0
21, 2, 544, 0
21, 2, 544, 0
21, 2, 544, 0
21, 2, 544, 0
21, 2, 544, 0
21, 2, 544, 0
520, 0, 45, 2
92, 0, 473, 2
428, 0, 137, 2
428, 0, 137, 2
428, 0, 137, 2
428, 0, 137, 2
428, 0, 137, 2
428, 0, 137, 2
428, 0, 137, 2
428, 0, 137, 2
428, 0, 137, 2
541, 2, 24, 0
21, 2, 544, 0
520, 0, 45, 2
428, 0, 137, 2
428, 0, 137, 2
428, 0, 137, 2
428, 0, 137, 2
428, 0, 137, 2
541, 2, 24, 0
541, 2, 24, 0
541, 2, 24, 0
541, 2, 24, 0
541, 2, 24, 0
541, 2, 24, 0
541, 2, 24, 0
541, 2, 24, 0
541, 2, 24, 0
541, 2, 24, 0
541, 2, 24, 0
541, 2, 24, 0
541, 2, 24, 0
541, 2, 24, 0
2, 0, 563, 2
541, 2, 24, 0
541, 2, 24, 0
541, 2, 24, 0
541, 2, 24, 0
2, 0, 563, 2
115, 0, 450, 2
541, 2, 24, 0
1, 0, 564, 2
541, 2, 24, 0
541, 2, 24, 0
541, 2, 24, 0
541, 2, 24, 0
541, 2, 24, 0
541, 2, 24, 0
541, 2, 24, 0
541, 2, 24, 0
541, 2, 24, 0
541, 2, 24, 0
168, 0, 397, 2
373, 2, 192, 0
541, 2, 24, 0
541, 2, 24, 0
168, 0, 397, 2
168, 0, 397, 2
168, 0, 397, 2
168, 0, 397, 2
168, 0, 397, 2
168, 0, 397, 2
168, 0, 397, 2
373, 2, 192, 0
373, 2, 192, 0
373, 2, 192, 0
373, 2, 192, 0
373, 2, 192, 0
373, 2, 192, 0
373, 2, 192, 0
541, 2, 24, 0
541, 2, 24, 0
541, 2, 24, 0
541, 2, 24, 0
541, 2, 24, 0
541, 2, 24, 0
541, 2, 24, 0
541, 2, 24, 0
541, 2, 24, 0
541, 2, 24, 0
541, 2, 24, 0
541, 2, 24, 0
541, 2, 24, 0
541, 2, 24, 0
210, 0, 355, 2
210, 0, 355, 2
0, 0, 565, 2
210, 0, 355, 2
210, 0, 355, 2
210, 0, 355, 2
210, 0, 355, 2
541, 2, 24, 0
416, 2, 149, 0
416, 2, 149, 0
416, 2, 149, 0
1, 0, 564, 2
416, 2, 149, 0
415, 2, 150, 0
416, 2, 149, 0
416, 2, 149, 0
416, 2, 149, 0
541, 2, 24, 0
0, 0, 565, 2
541, 2, 24, 0
531, 2, 34, 0
531, 2, 34, 0
541, 2, 24, 0
541, 2, 24, 0
541, 2, 24, 0
541, 2, 24, 0
541, 2, 24, 0
541, 2, 24, 0
541, 2, 24, 0
541, 2, 24, 0
541, 2, 24, 0
541, 2, 24, 0
541, 2, 24, 0
541, 2, 24, 0
541, 2, 24, 0
0, 0, 565, 2
541, 2, 24, 0
531, 2, 34, 0
531, 2, 34, 0
531, 2, 34, 0
541, 2, 24, 0
541, 2, 24, 0
541, 2, 24, 0
541, 2, 24, 0
541, 2, 24, 0
541, 2, 24, 0
541, 2, 24, 0
210, 0, 355, 2
210, 0, 355, 2
0, 0, 565, 2
210, 0, 355, 2
210, 0, 355, 2
541, 2, 24, 0
541, 2, 24, 0
416, 2, 149, 0
416, 2, 149, 0
416, 2, 149, 0
1, 0, 564, 2
416, 2, 149, 0
541, 2, 24, 0
295, 1, 270, 1
295, 1, 270, 1
295, 1, 270, 1
295, 1, 270, 1
295, 1, 270, 1
229, 1, 336, 1
229, 1, 336, 1
229, 1, 336, 1
229, 1, 336, 1
229, 1, 336, 1
295, 1, 270, 1
295, 1, 270, 1
375, 1, 190, 1
375, 1, 190, 1
375, 1, 190, 1
375, 1, 190, 1
375, 1, 190, 1
375, 1, 190, 1
375, 1, 190, 1
375, 1, 190, 1
547, 2, 18, 0
547, 2, 18, 0
547, 2, 18, 0
474, 2, 91, 0
474, 2, 91, 0
3, 0, 562, 2
474, 2, 91, 0
474, 2, 91, 0
474, 2, 91, 0
474, 2, 91, 0
470, 2, 95, 0
469, 2, 96, 0
4, 0, 561, 2
469, 2, 96, 0
469, 2, 96, 0
335, 0, 230, 2
469, 2, 96, 0
469, 2, 96, 0
469, 2, 96, 0
469, 2, 96, 0
469, 2, 96, 0
469, 2, 96, 0
464, 2, 101, 0
464, 2, 101, 0
448, 2, 117, 0
464, 2, 101, 0
470, 2, 95, 0
474, 2, 91, 0
465, 2, 100, 0
465, 2, 100, 0
474, 2, 91, 0
474, 2, 91, 0
469, 2, 96, 0
547, 2, 18, 0
538, 2, 27, 0
538, 2, 27, 0
536, 2, 29, 0
538, 2, 27, 0
538, 2, 27, 0
538, 2, 27, 0
538, 2, 27, 0
538, 2, 27, 0
541, 2, 24, 0
541, 2, 24, 0
541, 2, 24, 0
541, 2, 24, 0
541, 2, 24, 0
541, 2, 24, 0
0, 0, 565, 2
0, 0, 565, 2
541, 2, 24, 0
541, 2, 24, 0
541, 2, 24, 0
168, 2, 397, 0
373, 0, 192, 2
92, 0, 473, 2
281, 0, 284, 2
373, 0, 192, 2
373, 0, 192, 2
373, 0, 192, 2
373, 0, 192, 2
373, 0, 192, 2
373, 0, 192, 2
541, 2, 24, 0
541, 2, 24, 0
168, 2, 397, 0
373, 0, 192, 2
373, 0, 192, 2
373, 0, 192, 2
373, 0, 192, 2
373, 0, 192, 2
113, 0, 452, 2
260, 0, 305, 2
373, 0, 192, 2
373, 0, 192, 2
373, 0, 192, 2
373, 0, 192, 2
92, 0, 473, 2
92, 0, 473, 2
92, 0, 473, 2
92, 0, 473, 2
92, 0, 473, 2
0, 0, 565, 2
92, 0, 473, 2
0, 0, 565, 2
92, 0, 473, 2
92, 0, 473, 2
92, 0, 473, 2
92, 0, 473, 2
92, 0, 473, 2
92, 0, 473, 2
92, 0, 473, 2
92, 0, 473, 2
92, 0, 473, 2
92, 0, 473, 2
92, 0, 473, 2
92, 0, 473, 2
92, 0, 473, 2
92, 0, 473, 2
92, 0, 473, 2
92, 0, 473, 2
92, 0, 473, 2
92, 0, 473, 2
92, 0, 473, 2
92, 0, 473, 2
92, 0, 473, 2
92, 0, 473, 2
92, 0, 473, 2
92, 0, 473, 2
92, 0, 473, 2
92, 0, 473, 2
92, 0, 473, 2
92, 0, 473, 2
40, 0, 525, 2
92, 0, 473, 2
295, 1, 270, 1
295, 1, 270, 1
295, 1, 270, 1
295, 1, 270, 1
3, 0, 562, 2
295, 1, 270, 1
295, 1, 270, 1
295, 1, 270, 1
295, 1, 270, 1
13, 1, 552, 1
13, 1, 552, 1
13, 1, 552, 1
13, 1, 552, 1
13, 1, 552, 1
13, 1, 552, 1
13, 1, 552, 1
295, 1, 270, 1
541, 2, 24, 0
541, 2, 24, 0
92, 0, 473, 2
449, 2, 116, 0
21, 2, 544, 0
428, 0, 137, 2
168, 0, 397, 2
168, 0, 397, 2
168, 0, 397, 2
168, 0, 397, 2
168, 0, 397, 2
168, 0, 397, 2
168, 0, 397, 2
168, 0, 397, 2
168, 0, 397, 2
168, 0, 397, 2
168, 0, 397, 2
33, 0, 532, 2
33, 0, 532, 2
33, 0, 532, 2
33, 0, 532, 2
33, 0, 532, 2
33, 0, 532, 2
33, 0, 532, 2
33, 0, 532, 2
33, 0, 532, 2
33, 0, 532, 2
33, 0, 532, 2
33, 0, 532, 2
33, 0, 532, 2
33, 0, 532, 2
33, 0, 532, 2
33, 0, 532, 2
33, 0, 532, 2
33, 0, 532, 2
33, 0, 532, 2
33, 0, 532, 2
31, 0, 534, 2
31, 0, 534, 2
31, 0, 534, 2
33, 0, 532, 2
33, 0, 532, 2
33, 0, 532, 2
33, 0, 532, 2
33, 0, 532, 2
33, 0, 532, 2
33, 0, 532, 2
33, 0, 532, 2
33, 0, 532, 2
33, 0, 532, 2
33, 0, 532, 2
33, 0, 532, 2
33, 0, 532, 2
135, 0, 430, 2
135, 0, 430, 2
135, 0, 430, 2
135, 0, 430, 2
135, 0, 430, 2
135, 0, 430, 2
168, 0, 397, 2
168, 0, 397, 2
168, 0, 397, 2
168, 0, 397, 2
168, 0, 397, 2
168, 0, 397, 2
168, 0, 397, 2
260, 0, 305, 2
260, 0, 305, 2
259, 0, 306, 2
259, 0, 306, 2
259, 0, 306, 2
259, 0, 306, 2
259, 0, 306, 2
259, 0, 306, 2
259, 0, 306, 2
259, 0, 306, 2
541, 2, 24, 0
21, 2, 544, 0
21, 2, 544, 0
21, 2, 544, 0
21, 2, 544, 0
21, 2, 544, 0
21, 2, 544, 0
21, 2, 544, 0
21, 2, 544, 0
0, 1, 565, 1
21, 2, 544, 0
21, 2, 544, 0
0, 1, 565, 1
21, 2, 544, 0
428, 0, 137, 2
428, 0, 137, 2
428, 0, 137, 2
428, 0, 137, 2
428, 0, 137, 2
428, 0, 137, 2
428, 0, 137, 2
428, 0, 137, 2
215, 0, 350, 2
215, 0, 350, 2
215, 0, 350, 2
215, 0, 350, 2
215, 0, 350, 2
428, 0, 137, 2
428, 0, 137, 2
428, 0, 137, 2
428, 0, 137, 2
541, 2, 24, 0
541, 2, 24, 0
541, 2, 24, 0
541, 2, 24, 0
21, 2, 544, 0
21, 2, 544, 0
21, 2, 544, 0
21, 0, 544, 2
21, 0, 544, 2
21, 0, 544, 2
21, 2, 544, 0
21, 2, 544, 0
21, 0, 544, 2
21, 2, 544, 0
21, 2, 544, 0
21, 2, 544, 0
520, 0, 45, 2
92, 0, 473, 2
92, 0, 473, 2
92, 0, 473, 2
92, 0, 473, 2
92, 0, 473, 2
92, 0, 473, 2
92, 0, 473, 2
92, 0, 473, 2
92, 0, 473, 2
92, 0, 473, 2
92, 0, 473, 2
92, 0, 473, 2
92, 0, 473, 2
92, 0, 473, 2
92, 0, 473, 2
92, 0, 473, 2
92, 0, 473, 2
428, 0, 137, 2
428, 0, 137, 2
428, 0, 137, 2
428, 0, 137, 2
428, 0, 137, 2
428, 0, 137, 2
428, 0, 137, 2
428, 0, 137, 2
428, 0, 137, 2
426, 0, 139, 2
2, 0, 563, 2
428, 0, 137, 2
1, 0, 564, 2
1, 0, 564, 2
541, 2, 24, 0
541, 2, 24, 0
541, 2, 24, 0
347, 1, 218, 1
295, 1, 270, 1
52, 0, 513, 2
449, 1, 116, 1
541, 2, 24, 0
194, 1, 371, 1
173, 0, 392, 2
194, 1, 371, 1
194, 1, 371, 1
194, 1, 371, 1
541, 2, 24, 0
21, 2, 544, 0
520, 0, 45, 2
92, 0, 473, 2
428, 0, 137, 2
541, 2, 24, 0
194, 1, 371, 1
194, 1, 371, 1
194, 1, 371, 1
194, 1, 371, 1
194, 1, 371, 1
194, 1, 371, 1
541, 2, 24, 0
113, 2, 452, 0
541, 2, 24, 0
168, 0, 397, 2
541, 2, 24, 0
541, 2, 24, 0
541, 2, 24, 0
541, 2, 24, 0
270, 0, 295, 2
541, 2, 24, 0
541, 2, 24, 0
194, 1, 371, 1
194, 1, 371, 1
347, 1, 218, 1
0, 1, 565, 1
0, 1, 565, 1
0, 1, 565, 1
347, 0, 218, 2
92, 0, 473, 2
92, 0, 473, 2
92, 0, 473, 2
92, 0, 473, 2
92, 0, 473, 2
92, 0, 473, 2
255, 0, 310, 2
255, 0, 310, 2
255, 0, 310, 2
98, 0, 467, 2
255, 0, 310, 2
255, 0, 310, 2
541, 2, 24, 0
113, 0, 452, 2
113, 0, 452, 2
113, 0, 452, 2
113, 0, 452, 2
113, 0, 452, 2
113, 0, 452, 2
113, 0, 452, 2
541, 2, 24, 0
541, 2, 24, 0
541, 2, 24, 0
92, 0, 473, 2
18, 0, 547, 2
74, 0, 491, 2
449, 2, 116, 0
449, 2, 116, 0
81, 0, 484, 2
449, 2, 116, 0
168, 0, 397, 2
168, 0, 397, 2
541, 2, 24, 0
428, 0, 137, 2
428, 0, 137, 2
428, 0, 137, 2
428, 0, 137, 2
428, 0, 137, 2
428, 0, 137, 2
168, 0, 397, 2
168, 0, 397, 2
168, 0, 397, 2
168, 0, 397, 2
168, 0, 397, 2
168, 0, 397, 2
168, 0, 397, 2
168, 0, 397, 2
168, 0, 397, 2
168, 0, 397, 2
168, 0, 397, 2
168, 0, 397, 2
7, 0, 558, 2
168, 0, 397, 2
168, 0, 397, 2
168, 0, 397, 2
168, 0, 397, 2
33, 0, 532, 2
168, 0, 397, 2
168, 0, 397, 2
7, 0, 558, 2
7, 0, 558, 2
7, 0, 558, 2
7, 0, 558, 2
168, 0, 397, 2
168, 0, 397, 2
260, 0, 305, 2
260, 0, 305, 2
260, 0, 305, 2
260, 0, 305, 2
428, 0, 137, 2
428, 0, 137, 2
168, 0, 397, 2
428, 0, 137, 2
428, 0, 137, 2
428, 0, 137, 2
428, 0, 137, 2
6, 0, 559, 2
428, 0, 137, 2
428, 0, 137, 2
168, 0, 397, 2
428, 0, 137, 2
428, 0, 137, 2
255, 0, 310, 2
428, 0, 137, 2
215, 0, 350, 2
13, 0, 552, 2
215, 0, 350, 2
215, 0, 350, 2
215, 0, 350, 2
13, 0, 552, 2
215, 0, 350, 2
215, 0, 350, 2
428, 0, 137, 2
428, 0, 137, 2
428, 0, 137, 2
428, 0, 137, 2
428, 0, 137, 2
428, 0, 137, 2
428, 0, 137, 2
428, 0, 137, 2
428, 0, 137, 2
340, 0, 225, 2
340, 0, 225, 2
428, 0, 137, 2
428, 0, 137, 2
428, 0, 137, 2
340, 0, 225, 2
340, 0, 225, 2
428, 0, 137, 2
428, 0, 137, 2
428, 0, 137, 2
428, 0, 137, 2
428, 0, 137, 2
428, 0, 137, 2
428, 0, 137, 2
428, 0, 137, 2
428, 0, 137, 2
428, 0, 137, 2
428, 0, 137, 2
428, 0, 137, 2
428, 0, 137, 2
428, 0, 137, 2
225, 0, 340, 2
428, 0, 137, 2
428, 0, 137, 2
428, 0, 137, 2
541, 2, 24, 0
541, 2, 24, 0
541, 2, 24, 0
541, 2, 24, 0
541, 2, 24, 0
541, 2, 24, 0
541, 2, 24, 0
541, 2, 24, 0
541, 2, 24, 0
541, 2, 24, 0
541, 2, 24, 0
541, 2, 24, 0
541, 2, 24, 0
541, 2, 24, 0
166, 0, 399, 2
166, 0, 399, 2
375, 2, 190, 0
541, 2, 24, 0
541, 2, 24, 0
161, 0, 404, 2
161, 0, 404, 2
161, 0, 404, 2
161, 0, 404, 2
161, 0, 404, 2
541, 2, 24, 0
541, 2, 24, 0
541, 2, 24, 0
541, 2, 24, 0
541, 2, 24, 0
92, 0, 473, 2
92, 0, 473, 2
92, 0, 473, 2
92, 0, 473, 2
92, 0, 473, 2
92, 0, 473, 2
92, 0, 473, 2
40, 0, 525, 2
52, 0, 513, 2
92, 0, 473, 2
92, 0, 473, 2
92, 0, 473, 2
541, 2, 24, 0
92, 0, 473, 2
449, 2, 116, 0
21, 2, 544, 0
428, 0, 137, 2
541, 2, 24, 0
373, 0, 192, 2
373, 0, 192, 2
373, 0, 192, 2
541, 2, 24, 0
194, 1, 371, 1
194, 1, 371, 1
194, 1, 371, 1
0, 0, 565, 2
194, 1, 371, 1
194, 1, 371, 1
541, 2, 24, 0
252, 0, 313, 2
252, 0, 313, 2
252, 0, 313, 2
252, 0, 313, 2
252, 0, 313, 2
251, 0, 314, 2
252, 0, 313, 2
541, 2, 24, 0
168, 0, 397, 2
168, 0, 397, 2
168, 0, 397, 2
168, 0, 397, 2
168, 0, 397, 2
33, 0, 532, 2
33, 0, 532, 2
33, 0, 532, 2
33, 0, 532, 2
33, 0, 532, 2
33, 0, 532, 2
168, 0, 397, 2
168, 0, 397, 2
168, 0, 397, 2
168, 0, 397, 2
168, 0, 397, 2
33, 0, 532, 2
33, 0, 532, 2
33, 0, 532, 2
168, 0, 397, 2
168, 0, 397, 2
168, 0, 397, 2
373, 2, 192, 0
373, 2, 192, 0
373, 2, 192, 0
373, 2, 192, 0
541, 2, 24, 0
166, 0, 399, 2
166, 0, 399, 2
166, 0, 399, 2
166, 0, 399, 2
166, 0, 399, 2
375, 2, 190, 0
375, 2, 190, 0
541, 2, 24, 0
541, 2, 24, 0
161, 0, 404, 2
161, 0, 404, 2
161, 0, 404, 2
161, 0, 404, 2
161, 0, 404, 2
380, 2, 185, 0
541, 2, 24, 0
541, 2, 24, 0
541, 2, 24, 0
541, 2, 24, 0
541, 2, 24, 0
240, 0, 325, 2
240, 0, 325, 2
301, 2, 264, 0
301, 2, 264, 0
301, 2, 264, 0
301, 2, 264, 0
301, 2, 264, 0
301, 2, 264, 0
301, 2, 264, 0
301, 2, 264, 0
301, 2, 264, 0
301, 2, 264, 0
301, 2, 264, 0
301, 2, 264, 0
301, 2, 264, 0
301, 2, 264, 0
301, 2, 264, 0
541, 2, 24, 0
541, 2, 24, 0
541, 2, 24, 0
541, 2, 24, 0
99, 0, 466, 2
99, 0, 466, 2
99, 0, 466, 2
99, 0, 466, 2
99, 0, 466, 2
541, 2, 24, 0
541, 2, 24, 0
541, 2, 24, 0
541, 2, 24, 0
541, 2, 24, 0
541, 2, 24, 0
541, 2, 24, 0
541, 2, 24, 0
166, 0, 399, 2
166, 0, 399, 2
166, 0, 399, 2
166, 0, 399, 2
166, 0, 399, 2
166, 0, 399, 2
166, 0, 399, 2
166, 0, 399, 2
541, 2, 24, 0
541, 2, 24, 0
541, 2, 24, 0
541, 2, 24, 0
541, 2, 24, 0
541, 2, 24, 0
541, 2, 24, 0
541, 2, 24, 0
541, 2, 24, 0
161, 0, 404, 2
161, 0, 404, 2
161, 0, 404, 2
161, 0, 404, 2
161, 0, 404, 2
161, 0, 404, 2
161, 0, 404, 2
161, 0, 404, 2
161, 0, 404, 2
161, 0, 404, 2
161, 0, 404, 2
161, 0, 404, 2
161, 0, 404, 2
541, 2, 24, 0
541, 2, 24, 0
252, 0, 313, 2
252, 0, 313, 2
252, 0, 313, 2
252, 0, 313, 2
252, 0, 313, 2
252, 0, 313, 2
252, 0, 313, 2
252, 0, 313, 2
252, 0, 313, 2
252, 0, 313, 2
252, 0, 313, 2
0, 0, 565, 2
0, 0, 565, 2
252, 0, 313, 2
252, 0, 313, 2
252, 0, 313, 2
252, 0, 313, 2
252, 0, 313, 2
252, 0, 313, 2
252, 0, 313, 2
0, 0, 565, 2
252, 0, 313, 2
252, 0, 313, 2
252, 0, 313, 2
252, 0, 313, 2
252, 0, 313, 2
252, 0, 313, 2
252, 0, 313, 2
252, 0, 313, 2
252, 0, 313, 2
252, 0, 313, 2
252, 0, 313, 2
252, 0, 313, 2
0, 0, 565, 2
252, 0, 313, 2
252, 0, 313, 2
252, 0, 313, 2
252, 0, 313, 2
541, 2, 24, 0
541, 2, 24, 0
541, 2, 24, 0
541, 2, 24, 0
541, 2, 24, 0
541, 2, 24, 0
541, 2, 24, 0
535, 2, 30, 0
535, 2, 30, 0
535, 2, 30, 0
541, 2, 24, 0
535, 2, 30, 0
535, 2, 30, 0
535, 2, 30, 0
541, 2, 24, 0
541, 2, 24, 0
541, 2, 24, 0
113, 2, 452, 0
428, 0, 137, 2
1, 0, 564, 2
1, 0, 564, 2
427, 0, 138, 2
541, 2, 24, 0
541, 2, 24, 0
541, 2, 24, 0
541, 2, 24, 0
541, 2, 24, 0
541, 2, 24, 0
541, 2, 24, 0
541, 2, 24, 0
541, 2, 24, 0
541, 2, 24, 0
541, 2, 24, 0
161, 0, 404, 2
161, 0, 404, 2
161, 0, 404, 2
161, 0, 404, 2
541, 2, 24, 0
541, 2, 24, 0
99, 0, 466, 2
99, 0, 466, 2
31, 0, 534, 2
31, 0, 534, 2
31, 0, 534, 2
31, 0, 534, 2
442, 2, 123, 0
130, 0, 435, 2
130, 0, 435, 2
130, 0, 435, 2
130, 0, 435, 2
541, 2, 24, 0
541, 2, 24, 0
541, 2, 24, 0
113, 0, 452, 2
541, 2, 24, 0
558, 2, 7, 0
558, 2, 7, 0
0, 0, 565, 2
0, 0, 565, 2
558, 2, 7, 0
558, 2, 7, 0
558, 2, 7, 0
558, 2, 7, 0
558, 2, 7, 0
5, 0, 560, 2
5, 0, 560, 2
0, 0, 565, 2
5, 0, 560, 2
5, 0, 560, 2
558, 2, 7, 0
558, 2, 7, 0
558, 2, 7, 0
565, 2, 0, 0
565, 2, 0, 0
565, 2, 0, 0
565, 2, 0, 0
0, 0, 565, 2
565, 2, 0, 0
5, 0, 560, 2
5, 0, 560, 2
5, 0, 560, 2
0, 0, 565, 2
5, 0, 560, 2
5, 0, 560, 2
7, 0, 558, 2
7, 0, 558, 2
7, 0, 558, 2
0, 0, 565, 2
7, 0, 558, 2
7, 0, 558, 2
541, 2, 24, 0
541, 2, 24, 0
541, 2, 24, 0
541, 2, 24, 0
541, 2, 24, 0
541, 2, 24, 0
541, 2, 24, 0
541, 2, 24, 0
547, 2, 18, 0
547, 2, 18, 0
0, 0, 565, 2
547, 2, 18, 0
1, 0, 564, 2
546, 2, 19, 0
3, 0, 562, 2
3, 0, 562, 2
559, 2, 6, 0
559, 2, 6, 0
559, 2, 6, 0
559, 2, 6, 0
559, 2, 6, 0
0, 0, 565, 2
559, 2, 6, 0
559, 2, 6, 0
433, 2, 132, 0
433, 2, 132, 0
433, 2, 132, 0
433, 2, 132, 0
433, 2, 132, 0
318, 0, 247, 2
318, 0, 247, 2
318, 0, 247, 2
318, 0, 247, 2
318, 0, 247, 2
318, 0, 247, 2
318, 0, 247, 2
4, 0, 561, 2
317, 0, 248, 2
315, 0, 250, 2
0, 0, 565, 2
0, 0, 565, 2
316, 0, 249, 2
316, 0, 249, 2
316, 0, 249, 2
318, 0, 247, 2
541, 2, 24, 0
541, 2, 24, 0
536, 2, 29, 0
541, 2, 24, 0
541, 2, 24, 0
541, 2, 24, 0
541, 2, 24, 0
536, 2, 29, 0
536, 2, 29, 0
536, 2, 29, 0
531, 2, 34, 0
531, 2, 34, 0
536, 2, 29, 0
536, 2, 29, 0
15, 0, 550, 2
15, 0, 550, 2
15, 0, 550, 2
0, 0, 565, 2
0, 0, 565, 2
0, 0, 565, 2
0, 0, 565, 2
1, 0, 564, 2
1, 0, 564, 2
1, 0, 564, 2
1, 0, 564, 2
1, 0, 564, 2
1, 0, 564, 2
0, 0, 565, 2
3, 0, 562, 2
3, 0, 562, 2
3, 0, 562, 2
0, 0, 565, 2
558, 2, 7, 0
558, 2, 7, 0
3, 0, 562, 2
555, 2, 10, 0
1, 0, 564, 2
555, 2, 10, 0
555, 2, 10, 0
555, 2, 10, 0
555, 2, 10, 0
555, 2, 10, 0
0, 0, 565, 2
555, 2, 10, 0
555, 2, 10, 0
555, 2, 10, 0
555, 2, 10, 0
537, 2, 28, 0
537, 2, 28, 0
537, 2, 28, 0
555, 2, 10, 0
538, 2, 27, 0
555, 2, 10, 0
558, 2, 7, 0
558, 2, 7, 0
558, 2, 7, 0
558, 2, 7, 0
558, 2, 7, 0
558, 2, 7, 0
551, 2, 14, 0
551, 2, 14, 0
551, 2, 14, 0
551, 2, 14, 0
551, 2, 14, 0
21, 2, 544, 0
21, 2, 544, 0
21, 2, 544, 0
21, 2, 544, 0
21, 2, 544, 0
21, 2, 544, 0
21, 2, 544, 0
21, 2, 544, 0
21, 2, 544, 0
21, 2, 544, 0
514, 2, 51, 0
514, 2, 51, 0
484, 2, 81, 0
484, 2, 81, 0
514, 2, 51, 0
514, 2, 51, 0
509, 2, 56, 0
514, 2, 51, 0
514, 2, 51, 0
514, 2, 51, 0
99, 0, 466, 2
99, 0, 466, 2
99, 0, 466, 2
99, 0, 466, 2
226, 0, 339, 2
226, 0, 339, 2
1, 0, 564, 2
1, 0, 564, 2
220, 0, 345, 2
1, 0, 564, 2
120, 0, 445, 2
4, 0, 561, 2
1, 0, 564, 2
5, 0, 560, 2
5, 0, 560, 2
5, 0, 560, 2
5, 0, 560, 2
5, 0, 560, 2
5, 0, 560, 2
5, 0, 560, 2
5, 0, 560, 2
1, 0, 564, 2
1, 0, 564, 2
1, 0, 564, 2
1, 0, 564, 2
1, 0, 564, 2
1, 0, 564, 2
1, 0, 564, 2
1, 0, 564, 2
100, 0, 465, 2
5, 0, 560, 2
5, 0, 560, 2
5, 0, 560, 2
541, 2, 24, 0
541, 2, 24, 0
541, 2, 24, 0
541, 2, 24, 0
541, 2, 24, 0
541, 2, 24, 0
541, 2, 24, 0
541, 2, 24, 0
92, 0, 473, 2
92, 0, 473, 2
92, 0, 473, 2
92, 0, 473, 2
33, 0, 532, 2
33, 0, 532, 2
33, 0, 532, 2
33, 0, 532, 2
551, 2, 14, 0
551, 2, 14, 0
551, 2, 14, 0
541, 2, 24, 0
551, 2, 14, 0
541, 2, 24, 0
541, 2, 24, 0
541, 2, 24, 0
541, 2, 24, 0
541, 2, 24, 0
1, 0, 564, 2
1, 0, 564, 2
1, 0, 564, 2
1, 0, 564, 2
1, 0, 564, 2
1, 0, 564, 2
1, 0, 564, 2
514, 2, 51, 0
514, 2, 51, 0
514, 2, 51, 0
514, 2, 51, 0
514, 2, 51, 0
541, 2, 24, 0
541, 2, 24, 0
541, 2, 24, 0
541, 2, 24, 0
541, 2, 24, 0
551, 2, 14, 0
551, 2, 14, 0
551, 2, 14, 0
551, 2, 14, 0
551, 2, 14, 0
15, 1, 550, 1
15, 1, 550, 1
15, 1, 550, 1
13, 1, 552, 1
13, 1, 552, 1
14, 1, 551, 1
13, 1, 552, 1
14, 1, 551, 1
13, 1, 552, 1
14, 1, 551, 1
15, 1, 550, 1
15, 1, 550, 1
13, 1, 552, 1
13, 1, 552, 1
13, 1, 552, 1
13, 1, 552, 1
13, 1, 552, 1
33, 0, 532, 2
33, 0, 532, 2
33, 0, 532, 2
33, 0, 532, 2
0, 0, 565, 2
33, 0, 532, 2
551, 2, 14, 0
551, 2, 14, 0
551, 2, 14, 0
551, 2, 14, 0
551, 2, 14, 0
549, 2, 16, 0
549, 2, 16, 0
549, 2, 16, 0
549, 2, 16, 0
549, 2, 16, 0
549, 2, 16, 0
549, 2, 16, 0
549, 2, 16, 0
0, 0, 565, 2
551, 2, 14, 0
551, 2, 14, 0
2, 0, 563, 2
549, 2, 16, 0
92, 0, 473, 2
92, 0, 473, 2
92, 0, 473, 2
92, 0, 473, 2
92, 0, 473, 2
92, 0, 473, 2
84, 0, 481, 2
92, 0, 473, 2
92, 0, 473, 2
0, 0, 565, 2
0, 0, 565, 2
0, 0, 565, 2
0, 0, 565, 2
0, 0, 565, 2
541, 2, 24, 0
541, 2, 24, 0
541, 2, 24, 0
541, 2, 24, 0
541, 2, 24, 0
541, 2, 24, 0
550, 2, 15, 0
550, 2, 15, 0
429, 2, 136, 0
550, 2, 15, 0
550, 2, 15, 0
550, 2, 15, 0
550, 2, 15, 0
99, 0, 466, 2
99, 0, 466, 2
99, 0, 466, 2
98, 0, 467, 2
99, 0, 466, 2
13, 1, 552, 1
13, 1, 552, 1
13, 1, 552, 1
13, 1, 552, 1
13, 1, 552, 1
13, 1, 552, 1
13, 1, 552, 1
13, 1, 552, 1
13, 1, 552, 1
13, 1, 552, 1
13, 1, 552, 1
13, 1, 552, 1
13, 1, 552, 1
13, 1, 552, 1
99, 0, 466, 2
99, 0, 466, 2
99, 0, 466, 2
99, 0, 466, 2
99, 0, 466, 2
99, 0, 466, 2
0, 0, 565, 2
0, 0, 565, 2
0, 0, 565, 2
99, 0, 466, 2
99, 0, 466, 2
0, 0, 565, 2
99, 0, 466, 2
99, 0, 466, 2
99, 0, 466, 2
99, 0, 466, 2
99, 0, 466, 2
99, 0, 466, 2
550, 2, 15, 0
550, 2, 15, 0
550, 2, 15, 0
550, 2, 15, 0
5, 0, 560, 2
550, 2, 15, 0
550, 2, 15, 0
550, 2, 15, 0
33, 0, 532, 2
33, 0, 532, 2
1, 0, 564, 2
33, 0, 532, 2
550, 2, 15, 0
550, 2, 15, 0
70, 0, 495, 2
70, 0, 495, 2
70, 0, 495, 2
70, 0, 495, 2
66, 0, 499, 2
66, 0, 499, 2
70, 0, 495, 2
70, 0, 495, 2
70, 0, 495, 2
550, 2, 15, 0
550, 2, 15, 0
550, 2, 15, 0
550, 2, 15, 0
550, 2, 15, 0
550, 2, 15, 0
0, 0, 565, 2
550, 2, 15, 0
0, 0, 565, 2
550, 2, 15, 0
550, 2, 15, 0
550, 2, 15, 0
550, 2, 15, 0
550, 2, 15, 0
99, 0, 466, 2
99, 0, 466, 2
0, 0, 565, 2
99, 0, 466, 2
99, 0, 466, 2
0, 0, 565, 2
0, 0, 565, 2
0, 0, 565, 2
0, 0, 565, 2
99, 0, 466, 2
0, 0, 565, 2
550, 2, 15, 0
550, 2, 15, 0
0, 0, 565, 2
550, 2, 15, 0
0, 0, 565, 2
550, 2, 15, 0
550, 2, 15, 0
550, 2, 15, 0
550, 2, 15, 0
407, 0, 158, 2
407, 0, 158, 2
408, 0, 157, 2
408, 0, 157, 2
407, 0, 158, 2
407, 0, 158, 2
408, 0, 157, 2
408, 0, 157, 2
408, 0, 157, 2
408, 0, 157, 2
311, 0, 254, 2
311, 0, 254, 2
0, 0, 565, 2
311, 0, 254, 2
0, 0, 565, 2
311, 0, 254, 2
311, 0, 254, 2
311, 0, 254, 2
311, 0, 254, 2
112, 0, 453, 2
112, 0, 453, 2
311, 0, 254, 2
99, 0, 466, 2
99, 0, 466, 2
213, 0, 352, 2
213, 0, 352, 2
213, 0, 352, 2
213, 0, 352, 2
311, 0, 254, 2
311, 0, 254, 2
423, 2, 142, 0
423, 2, 142, 0
0, 0, 565, 2
0, 0, 565, 2
423, 2, 142, 0
423, 2, 142, 0
423, 2, 142, 0
99, 0, 466, 2
99, 0, 466, 2
99, 0, 466, 2
98, 0, 467, 2
98, 0, 467, 2
99, 0, 466, 2
99, 0, 466, 2
99, 0, 466, 2
99, 0, 466, 2
99, 0, 466, 2
99, 0, 466, 2
558, 2, 7, 0
558, 2, 7, 0
1, 0, 564, 2
0, 0, 565, 2
1, 0, 564, 2
1, 0, 564, 2
1, 0, 564, 2
1, 0, 564, 2
1, 0, 564, 2
1, 0, 564, 2
1, 0, 564, 2
1, 0, 564, 2
1, 0, 564, 2
1, 0, 564, 2
558, 2, 7, 0
558, 2, 7, 0
558, 2, 7, 0
558, 2, 7, 0
558, 2, 7, 0
558, 2, 7, 0
558, 2, 7, 0
558, 2, 7, 0
558, 2, 7, 0
558, 2, 7, 0
558, 2, 7, 0
558, 2, 7, 0
541, 2, 24, 0
540, 2, 25, 0
293, 1, 272, 1
558, 2, 7, 0
550, 2, 15, 0
550, 2, 15, 0
550, 2, 15, 0
550, 2, 15, 0
0, 0, 565, 2
550, 2, 15, 0
550, 2, 15, 0
550, 2, 15, 0
551, 2, 14, 0
551, 2, 14, 0
3, 0, 562, 2
3, 0, 562, 2
3, 0, 562, 2
3, 0, 562, 2
3, 0, 562, 2
551, 2, 14, 0
0, 0, 565, 2
551, 2, 14, 0
551, 2, 14, 0
551, 2, 14, 0
558, 2, 7, 0
558, 2, 7, 0
558, 2, 7, 0
558, 2, 7, 0
6, 0, 559, 2
1, 0, 564, 2
5, 0, 560, 2
558, 2, 7, 0
558, 2, 7, 0
0, 0, 565, 2
558, 2, 7, 0
5, 0, 560, 2
5, 0, 560, 2
558, 2, 7, 0
558, 2, 7, 0
558, 2, 7, 0
558, 2, 7, 0
558, 2, 7, 0
558, 2, 7, 0
558, 2, 7, 0
426, 2, 139, 0
426, 2, 139, 0
426, 2, 139, 0
426, 2, 139, 0
426, 2, 139, 0
430, 2, 135, 0
430, 2, 135, 0
430, 2, 135, 0
129, 0, 436, 2
125, 0, 440, 2
5, 0, 560, 2
426, 2, 139, 0
558, 2, 7, 0
558, 2, 7, 0
558, 2, 7, 0
558, 2, 7, 0
558, 2, 7, 0
558, 2, 7, 0
558, 2, 7, 0
125, 0, 440, 2
125, 0, 440, 2
1, 0, 564, 2
125, 0, 440, 2
118, 0, 447, 2
118, 0, 447, 2
0, 0, 565, 2
0, 0, 565, 2
0, 0, 565, 2
0, 0, 565, 2
0, 0, 565, 2
0, 0, 565, 2
0, 0, 565, 2
0, 0, 565, 2
0, 0, 565, 2
558, 2, 7, 0
558, 2, 7, 0
558, 2, 7, 0
0, 0, 565, 2
558, 2, 7, 0
558, 2, 7, 0
0, 0, 565, 2
558, 2, 7, 0
558, 2, 7, 0
558, 2, 7, 0
558, 2, 7, 0
558, 2, 7, 0
6, 0, 559, 2
6, 0, 559, 2
428, 0, 137, 2
428, 0, 137, 2
428, 0, 137, 2
428, 0, 137, 2
428, 0, 137, 2
428, 0, 137, 2
428, 0, 137, 2
428, 0, 137, 2
341, 0, 224, 2
341, 0, 224, 2
340, 0, 225, 2
340, 0, 225, 2
340, 0, 225, 2
192, 0, 373, 2
192, 0, 373, 2
192, 0, 373, 2
192, 0, 373, 2
428, 0, 137, 2
428, 0, 137, 2
273, 0, 292, 2
273, 0, 292, 2
2, 0, 563, 2
2, 0, 563, 2
2, 0, 563, 2
428, 0, 137, 2
428, 0, 137, 2
340, 0, 225, 2
192, 0, 373, 2
192, 0, 373, 2
428, 0, 137, 2
428, 0, 137, 2
101, 0, 464, 2
428, 0, 137, 2
428, 0, 137, 2
428, 0, 137, 2
428, 0, 137, 2
428, 0, 137, 2
428, 0, 137, 2
215, 0, 350, 2
213, 0, 352, 2
428, 0, 137, 2
0, 0, 565, 2
428, 0, 137, 2
340, 0, 225, 2
340, 0, 225, 2
340, 0, 225, 2
340, 0, 225, 2
174, 0, 391, 2
174, 0, 391, 2
174, 0, 391, 2
174, 0, 391, 2
166, 0, 399, 2
166, 0, 399, 2
166, 0, 399, 2
340, 0, 225, 2
428, 0, 137, 2
29, 0, 536, 2
29, 0, 536, 2
29, 0, 536, 2
29, 0, 536, 2
29, 0, 536, 2
29, 0, 536, 2
29, 0, 536, 2
29, 0, 536, 2
92, 0, 473, 2
92, 0, 473, 2
92, 0, 473, 2
0, 0, 565, 2
92, 0, 473, 2
92, 0, 473, 2
92, 0, 473, 2
0, 0, 565, 2
92, 0, 473, 2
92, 0, 473, 2
92, 0, 473, 2
60, 0, 505, 2
92, 0, 473, 2
92, 0, 473, 2
10, 0, 555, 2
92, 0, 473, 2
92, 0, 473, 2
92, 0, 473, 2
92, 0, 473, 2
92, 0, 473, 2
92, 0, 473, 2
92, 0, 473, 2
92, 0, 473, 2
55, 0, 510, 2
92, 0, 473, 2
92, 0, 473, 2
55, 0, 510, 2
55, 0, 510, 2
541, 2, 24, 0
541, 2, 24, 0
541, 2, 24, 0
541, 2, 24, 0
541, 2, 24, 0
541, 2, 24, 0
215, 0, 350, 2
215, 0, 350, 2
212, 0, 353, 2
212, 0, 353, 2
215, 0, 350, 2
541, 2, 24, 0
428, 0, 137, 2
428, 0, 137, 2
428, 0, 137, 2
428, 0, 137, 2
18, 0, 547, 2
428, 0, 137, 2
428, 0, 137, 2
428, 0, 137, 2
428, 0, 137, 2
428, 0, 137, 2
428, 0, 137, 2
428, 0, 137, 2
428, 0, 137, 2
428, 0, 137, 2
428, 0, 137, 2
428, 0, 137, 2
428, 0, 137, 2
428, 0, 137, 2
428, 0, 137, 2
428, 0, 137, 2
205, 0, 360, 2
428, 0, 137, 2
428, 0, 137, 2
428, 0, 137, 2
428, 0, 137, 2
428, 0, 137, 2
428, 0, 137, 2
422, 0, 143, 2
422, 0, 143, 2
423, 0, 142, 2
423, 0, 142, 2
423, 0, 142, 2
423, 0, 142, 2
191, 0, 374, 2
191, 0, 374, 2
139, 0, 426, 2
191, 0, 374, 2
0, 0, 565, 2
191, 0, 374, 2
191, 0, 374, 2
152, 0, 413, 2
152, 0, 413, 2
152, 0, 413, 2
152, 0, 413, 2
1, 0, 564, 2
152, 0, 413, 2
375, 0, 190, 2
423, 0, 142, 2
423, 0, 142, 2
423, 0, 142, 2
1, 0, 564, 2
423, 0, 142, 2
423, 0, 142, 2
423, 0, 142, 2
423, 0, 142, 2
423, 0, 142, 2
423, 0, 142, 2
423, 0, 142, 2
423, 0, 142, 2
199, 0, 366, 2
423, 0, 142, 2
428, 0, 137, 2
428, 0, 137, 2
222, 0, 343, 2
428, 0, 137, 2
282, 0, 283, 2
0, 0, 565, 2
428, 0, 137, 2
428, 0, 137, 2
428, 0, 137, 2
428, 0, 137, 2
428, 0, 137, 2
320, 0, 245, 2
320, 0, 245, 2
0, 0, 565, 2
428, 0, 137, 2
428, 0, 137, 2
428, 0, 137, 2
0, 0, 565, 2
0, 0, 565, 2
0, 0, 565, 2
428, 0, 137, 2
428, 0, 137, 2
428, 0, 137, 2
236, 0, 329, 2
428, 0, 137, 2
428, 0, 137, 2
428, 0, 137, 2
428, 0, 137, 2
428, 0, 137, 2
428, 0, 137, 2
428, 0, 137, 2
340, 0, 225, 2
340, 0, 225, 2
340, 0, 225, 2
340, 0, 225, 2
340, 0, 225, 2
0, 0, 565, 2
0, 0, 565, 2
0, 0, 565, 2
340, 0, 225, 2
340, 0, 225, 2
325, 0, 240, 2
340, 0, 225, 2
340, 0, 225, 2
340, 0, 225, 2
174, 0, 391, 2
340, 0, 225, 2
340, 0, 225, 2
340, 0, 225, 2
340, 0, 225, 2
428, 0, 137, 2
428, 0, 137, 2
152, 0, 413, 2
57, 0, 508, 2
152, 0, 413, 2
152, 0, 413, 2
140, 0, 425, 2
152, 0, 413, 2
152, 0, 413, 2
152, 0, 413, 2
152, 0, 413, 2
428, 0, 137, 2
92, 0, 473, 2
92, 0, 473, 2
92, 0, 473, 2
92, 0, 473, 2
92, 0, 473, 2
92, 0, 473, 2
92, 0, 473, 2
92, 0, 473, 2
92, 0, 473, 2
92, 0, 473, 2
92, 0, 473, 2
92, 0, 473, 2
92, 0, 473, 2
428, 0, 137, 2
428, 0, 137, 2
0, 0, 565, 2
428, 0, 137, 2
428, 0, 137, 2
428, 0, 137, 2
428, 0, 137, 2
428, 0, 137, 2
428, 0, 137, 2
428, 0, 137, 2
428, 0, 137, 2
428, 0, 137, 2
428, 0, 137, 2
428, 0, 137, 2
428, 0, 137, 2
428, 0, 137, 2
378, 0, 187, 2
378, 0, 187, 2
428, 0, 137, 2
558, 2, 7, 0
558, 2, 7, 0
0, 0, 565, 2
558, 2, 7, 0
558, 2, 7, 0
550, 2, 15, 0
550, 2, 15, 0
0, 0, 565, 2
0, 0, 565, 2
0, 0, 565, 2
550, 2, 15, 0
558, 2, 7, 0
18, 1, 547, 1
17, 1, 548, 1
17, 1, 548, 1
18, 1, 547, 1
15, 1, 550, 1
15, 1, 550, 1
16, 1, 549, 1
16, 1, 549, 1
16, 1, 549, 1
16, 1, 549, 1
1, 0, 564, 2
1, 0, 564, 2
2, 0, 563, 2
2, 0, 563, 2
18, 1, 547, 1
18, 1, 547, 1
18, 1, 547, 1
18, 1, 547, 1
2, 0, 563, 2
2, 0, 563, 2
17, 1, 548, 1
8, 0, 557, 2
8, 0, 557, 2
17, 1, 548, 1
11, 0, 554, 2
16, 1, 549, 1
17, 1, 548, 1
2, 0, 563, 2
2, 0, 563, 2
6, 0, 559, 2
6, 0, 559, 2
2, 0, 563, 2
2, 0, 563, 2
0, 0, 565, 2
0, 0, 565, 2
0, 0, 565, 2
0, 0, 565, 2
16, 1, 549, 1
16, 1, 549, 1
0, 0, 565, 2
558, 2, 7, 0
558, 2, 7, 0
558, 2, 7, 0
558, 2, 7, 0
558, 2, 7, 0
558, 2, 7, 0
558, 2, 7, 0
558, 2, 7, 0
558, 2, 7, 0
558, 2, 7, 0
558, 2, 7, 0
558, 2, 7, 0
558, 2, 7, 0
558, 2, 7, 0
558, 2, 7, 0
558, 2, 7, 0
0, 0, 565, 2
0, 0, 565, 2
0, 0, 565, 2
0, 0, 565, 2
0, 0, 565, 2
0, 0, 565, 2
0, 0, 565, 2
0, 0, 565, 2
0, 0, 565, 2
0, 0, 565, 2
0, 0, 565, 2
0, 0, 565, 2
0, 0, 565, 2
0, 0, 565, 2
0, 0, 565, 2
0, 0, 565, 2
0, 0, 565, 2
0, 0, 565, 2
0, 0, 565, 2
0, 0, 565, 2
558, 2, 7, 0
558, 2, 7, 0
558, 2, 7, 0
558, 2, 7, 0
558, 2, 7, 0
558, 2, 7, 0
558, 2, 7, 0
550, 2, 15, 0
550, 2, 15, 0
558, 2, 7, 0
558, 2, 7, 0
558, 2, 7, 0
558, 2, 7, 0
558, 2, 7, 0
558, 2, 7, 0
0, 0, 565, 2
558, 2, 7, 0
558, 2, 7, 0
558, 2, 7, 0
0, 0, 565, 2
558, 2, 7, 0
549, 2, 16, 0
558, 2, 7, 0
558, 2, 7, 0
558, 2, 7, 0
558, 2, 7, 0
558, 2, 7, 0
558, 2, 7, 0
558, 2, 7, 0
558, 2, 7, 0
558, 2, 7, 0
4, 0, 561, 2
558, 2, 7, 0
558, 2, 7, 0
558, 2, 7, 0
558, 2, 7, 0
558, 2, 7, 0
549, 2, 16, 0
549, 2, 16, 0
549, 2, 16, 0
549, 2, 16, 0
549, 2, 16, 0
549, 2, 16, 0
549, 2, 16, 0
549, 2, 16, 0
3, 0, 562, 2
546, 2, 19, 0
549, 2, 16, 0
549, 2, 16, 0
558, 2, 7, 0
558, 2, 7, 0
0, 0, 565, 2
0, 0, 565, 2
558, 2, 7, 0
551, 2, 14, 0
551, 2, 14, 0
551, 2, 14, 0
1, 0, 564, 2
1, 0, 564, 2
7, 0, 558, 2
7, 0, 558, 2
0, 0, 565, 2
0, 0, 565, 2
7, 0, 558, 2
7, 0, 558, 2
0, 0, 565, 2
0, 0, 565, 2
0, 0, 565, 2
0, 0, 565, 2
0, 0, 565, 2
0, 0, 565, 2
0, 0, 565, 2
0, 0, 565, 2
0, 0, 565, 2
549, 2, 16, 0
549, 2, 16, 0
0, 0, 565, 2
0, 0, 565, 2
551, 2, 14, 0
551, 2, 14, 0
551, 2, 14, 0
551, 2, 14, 0
551, 2, 14, 0
551, 2, 14, 0
551, 2, 14, 0
99, 0, 466, 2
99, 0, 466, 2
99, 0, 466, 2
0, 0, 565, 2
0, 0, 565, 2
99, 0, 466, 2
99, 0, 466, 2
99, 0, 466, 2
99, 0, 466, 2
99, 0, 466, 2
99, 0, 466, 2
0, 0, 565, 2
99, 0, 466, 2
546, 2, 19, 0
546, 2, 19, 0
546, 2, 19, 0
3, 0, 562, 2
3, 0, 562, 2
545, 2, 20, 0
545, 2, 20, 0
545, 2, 20, 0
546, 2, 19, 0
6, 0, 559, 2
4, 0, 561, 2
6, 0, 559, 2
6, 0, 559, 2
6, 0, 559, 2
6, 0, 559, 2
0, 0, 565, 2
6, 0, 559, 2
6, 0, 559, 2
4, 0, 561, 2
4, 0, 561, 2
6, 0, 559, 2
6, 0, 559, 2
6, 0, 559, 2
6, 0, 559, 2
2, 0, 563, 2
2, 0, 563, 2
2, 0, 563, 2
2, 0, 563, 2
0, 0, 565, 2
2, 0, 563, 2
2, 0, 563, 2
2, 0, 563, 2
549, 2, 16, 0
549, 2, 16, 0
0, 0, 565, 2
0, 0, 565, 2
6, 0, 559, 2
0, 0, 565, 2
6, 0, 559, 2
2, 0, 563, 2
0, 0, 565, 2
0, 0, 565, 2
6, 0, 559, 2
6, 0, 559, 2
6, 0, 559, 2
99, 0, 466, 2
97, 0, 468, 2
99, 0, 466, 2
99, 0, 466, 2
99, 0, 466, 2
2, 0, 563, 2
0, 0, 565, 2
2, 0, 563, 2
2, 0, 563, 2
99, 0, 466, 2
33, 0, 532, 2
33, 0, 532, 2
66, 0, 499, 2
99, 0, 466, 2
99, 0, 466, 2
0, 0, 565, 2
0, 0, 565, 2
101, 0, 464, 2
101, 0, 464, 2
101, 0, 464, 2
101, 0, 464, 2
101, 0, 464, 2
101, 0, 464, 2
0, 0, 565, 2
0, 0, 565, 2
101, 0, 464, 2
0, 0, 565, 2
0, 0, 565, 2
101, 0, 464, 2
31, 0, 534, 2
31, 0, 534, 2
101, 0, 464, 2
101, 0, 464, 2
101, 0, 464, 2
101, 0, 464, 2
546, 2, 19, 0
546, 2, 19, 0
0, 0, 565, 2
0, 0, 565, 2
0, 0, 565, 2
546, 2, 19, 0
311, 0, 254, 2
311, 0, 254, 2
311, 0, 254, 2
546, 2, 19, 0
546, 2, 19, 0
100, 0, 465, 2
0, 0, 565, 2
100, 0, 465, 2
100, 0, 465, 2
3, 0, 562, 2
97, 0, 468, 2
100, 0, 465, 2
100, 0, 465, 2
100, 0, 465, 2
100, 0, 465, 2
525, 2, 40, 0
525, 2, 40, 0
546, 2, 19, 0
546, 2, 19, 0
407, 0, 158, 2
407, 0, 158, 2
407, 0, 158, 2
226, 2, 339, 0
226, 2, 339, 0
226, 2, 339, 0
3, 0, 562, 2
3, 0, 562, 2
3, 0, 562, 2
99, 0, 466, 2
99, 0, 466, 2
0, 0, 565, 2
0, 0, 565, 2
99, 0, 466, 2
0, 0, 565, 2
0, 0, 565, 2
0, 0, 565, 2
0, 0, 565, 2
99, 0, 466, 2
99, 0, 466, 2
98, 0, 467, 2
98, 0, 467, 2
0, 0, 565, 2
0, 0, 565, 2
98, 0, 467, 2
98, 0, 467, 2
98, 0, 467, 2
98, 0, 467, 2
0, 0, 565, 2
0, 0, 565, 2
98, 0, 467, 2
98, 0, 467, 2
211, 0, 354, 2
211, 0, 354, 2
211, 0, 354, 2
211, 0, 354, 2
211, 0, 354, 2
116, 0, 449, 2
211, 0, 354, 2
211, 0, 354, 2
211, 0, 354, 2
211, 0, 354, 2
426, 2, 139, 0
318, 0, 247, 2
426, 2, 139, 0
233, 1, 332, 1
426, 2, 139, 0
426, 2, 139, 0
426, 2, 139, 0
116, 0, 449, 2
116, 0, 449, 2
116, 0, 449, 2
314, 0, 251, 2
314, 0, 251, 2
184, 0, 381, 2
184, 0, 381, 2
533, 2, 32, 0
533, 2, 32, 0
0, 0, 565, 2
533, 2, 32, 0
532, 2, 33, 0
422, 2, 143, 0
422, 2, 143, 0
215, 0, 350, 2
215, 0, 350, 2
215, 0, 350, 2
228, 2, 337, 0
3, 0, 562, 2
0, 0, 565, 2
3, 0, 562, 2
0, 0, 565, 2
228, 2, 337, 0
2, 0, 563, 2
228, 2, 337, 0
228, 2, 337, 0
228, 2, 337, 0
228, 2, 337, 0
228, 2, 337, 0
228, 2, 337, 0
413, 0, 152, 2
0, 0, 565, 2
413, 0, 152, 2
413, 0, 152, 2
413, 0, 152, 2
413, 0, 152, 2
413, 0, 152, 2
0, 0, 565, 2
0, 0, 565, 2
0, 0, 565, 2
426, 2, 139, 0
426, 2, 139, 0
426, 2, 139, 0
426, 2, 139, 0
0, 0, 565, 2
0, 0, 565, 2
0, 0, 565, 2
0, 0, 565, 2
0, 0, 565, 2
0, 0, 565, 2
0, 0, 565, 2
0, 0, 565, 2
0, 0, 565, 2
0, 0, 565, 2
0, 0, 565, 2
0, 0, 565, 2
0, 0, 565, 2
0, 0, 565, 2
0, 0, 565, 2
0, 0, 565, 2
0, 0, 565, 2
0, 0, 565, 2
0, 0, 565, 2
0, 0, 565, 2
0, 0, 565, 2
0, 0, 565, 2
0, 0, 565, 2
0, 0, 565, 2
0, 0, 565, 2
0, 0, 565, 2
314, 0, 251, 2
0, 0, 565, 2
314, 0, 251, 2
314, 0, 251, 2
314, 0, 251, 2
314, 0, 251, 2
558, 2, 7, 0
558, 2, 7, 0
558, 2, 7, 0
558, 2, 7, 0
558, 2, 7, 0
558, 2, 7, 0
550, 2, 15, 0
558, 2, 7, 0
558, 2, 7, 0
4, 0, 561, 2
4, 0, 561, 2
4, 0, 561, 2
4, 0, 561, 2
4, 0, 561, 2
4, 0, 561, 2
3, 0, 562, 2
1, 0, 564, 2
3, 0, 562, 2
4, 0, 561, 2
4, 0, 561, 2
4, 0, 561, 2
4, 0, 561, 2
4, 0, 561, 2
4, 0, 561, 2
4, 0, 561, 2
4, 0, 561, 2
4, 0, 561, 2
4, 0, 561, 2
0, 0, 565, 2
4, 0, 561, 2
4, 0, 561, 2
4, 0, 561, 2
4, 0, 561, 2
0, 0, 565, 2
0, 0, 565, 2
0, 0, 565, 2
0, 0, 565, 2
4, 0, 561, 2
0, 0, 565, 2
4, 0, 561, 2
0, 0, 565, 2
4, 0, 561, 2
4, 0, 561, 2
4, 0, 561, 2
549, 2, 16, 0
549, 2, 16, 0
0, 0, 565, 2
0, 0, 565, 2
549, 2, 16, 0
1, 0, 564, 2
1, 0, 564, 2
0, 0, 565, 2
0, 0, 565, 2
1, 0, 564, 2
6, 0, 559, 2
6, 0, 559, 2
6, 0, 559, 2
1, 0, 564, 2
6, 0, 559, 2
6, 0, 559, 2
6, 0, 559, 2
6, 0, 559, 2
6, 0, 559, 2
6, 0, 559, 2
6, 0, 559, 2
2, 0, 563, 2
2, 0, 563, 2
2, 0, 563, 2
2, 0, 563, 2
7, 0, 558, 2
7, 0, 558, 2
7, 0, 558, 2
7, 0, 558, 2
0, 0, 565, 2
0, 0, 565, 2
0, 0, 565, 2
0, 0, 565, 2
0, 0, 565, 2
0, 0, 565, 2
0, 0, 565, 2
1, 0, 564, 2
1, 0, 564, 2
1, 0, 564, 2
1, 0, 564, 2
8, 0, 557, 2
8, 0, 557, 2
8, 0, 557, 2
40, 0, 525, 2
40, 0, 525, 2
39, 0, 526, 2
39, 0, 526, 2
40, 0, 525, 2
47, 0, 518, 2
47, 0, 518, 2
47, 0, 518, 2
4, 0, 561, 2
4, 0, 561, 2
558, 2, 7, 0
558, 2, 7, 0
558, 2, 7, 0
558, 2, 7, 0
558, 2, 7, 0
558, 2, 7, 0
558, 2, 7, 0
0, 0, 565, 2
558, 2, 7, 0
558, 2, 7, 0
558, 2, 7, 0
558, 2, 7, 0
558, 2, 7, 0
558, 2, 7, 0
558, 2, 7, 0
558, 2, 7, 0
558, 2, 7, 0
558, 2, 7, 0
558, 2, 7, 0
558, 2, 7, 0
558, 2, 7, 0
558, 2, 7, 0
558, 2, 7, 0
558, 2, 7, 0
558, 2, 7, 0
558, 2, 7, 0
558, 2, 7, 0
558, 2, 7, 0
558, 2, 7, 0
558, 2, 7, 0
558, 2, 7, 0
558, 2, 7, 0
558, 2, 7, 0
558, 2, 7, 0
558, 2, 7, 0
558, 2, 7, 0
558, 2, 7, 0
558, 2, 7, 0
558, 2, 7, 0
0, 0, 565, 2
0, 0, 565, 2
0, 0, 565, 2
0, 0, 565, 2
7, 0, 558, 2
7, 0, 558, 2
7, 0, 558, 2
119, 0, 446, 2
119, 0, 446, 2
119, 0, 446, 2
0, 0, 565, 2
0, 0, 565, 2
0, 0, 565, 2
1, 0, 564, 2
1, 0, 564, 2
7, 0, 558, 2
7, 0, 558, 2
123, 0, 442, 2
123, 0, 442, 2
123, 0, 442, 2
123, 0, 442, 2
123, 0, 442, 2
123, 0, 442, 2
7, 0, 558, 2
7, 0, 558, 2
558, 2, 7, 0
558, 2, 7, 0
558, 2, 7, 0
558, 2, 7, 0
558, 2, 7, 0
558, 2, 7, 0
558, 2, 7, 0
0, 0, 565, 2
0, 0, 565, 2
0, 0, 565, 2
0, 0, 565, 2
0, 0, 565, 2
0, 0, 565, 2
0, 0, 565, 2
0, 0, 565, 2
0, 0, 565, 2
0, 0, 565, 2
0, 0, 565, 2
0, 0, 565, 2
0, 0, 565, 2
0, 0, 565, 2
0, 0, 565, 2
0, 0, 565, 2
0, 0, 565, 2
125, 0, 440, 2
125, 0, 440, 2
125, 0, 440, 2
125, 0, 440, 2
125, 0, 440, 2
7, 0, 558, 2
7, 0, 558, 2
133, 0, 432, 2
133, 0, 432, 2
133, 0, 432, 2
125, 0, 440, 2
125, 0, 440, 2
125, 0, 440, 2
124, 0, 441, 2
124, 0, 441, 2
124, 0, 441, 2
0, 0, 565, 2
0, 0, 565, 2
0, 0, 565, 2
124, 0, 441, 2
124, 0, 441, 2
124, 0, 441, 2
0, 0, 565, 2
0, 0, 565, 2
0, 0, 565, 2
0, 0, 565, 2
0, 0, 565, 2
0, 0, 565, 2
0, 0, 565, 2
0, 0, 565, 2
0, 0, 565, 2
0, 0, 565, 2
0, 0, 565, 2
0, 0, 565, 2
0, 0, 565, 2
0, 0, 565, 2
0, 0, 565, 2
0, 0, 565, 2
123, 0, 442, 2
123, 0, 442, 2
123, 0, 442, 2
130, 0, 435, 2
130, 0, 435, 2
130, 0, 435, 2
130, 0, 435, 2
130, 0, 435, 2
130, 0, 435, 2
130, 0, 435, 2
7, 0, 558, 2
130, 0, 435, 2
125, 0, 440, 2
125, 0, 440, 2
125, 0, 440, 2
125, 0, 440, 2
125, 0, 440, 2
125, 0, 440, 2
0, 0, 565, 2
125, 0, 440, 2
125, 0, 440, 2
125, 0, 440, 2
125, 0, 440, 2
125, 0, 440, 2
125, 0, 440, 2
0, 0, 565, 2
125, 0, 440, 2
125, 0, 440, 2
125, 0, 440, 2
0, 0, 565, 2
0, 0, 565, 2
0, 0, 565, 2
0, 0, 565, 2
0, 0, 565, 2
0, 0, 565, 2
0, 0, 565, 2
0, 0, 565, 2
0, 0, 565, 2
0, 0, 565, 2
0, 0, 565, 2
0, 0, 565, 2
0, 0, 565, 2
0, 0, 565, 2
0, 0, 565, 2
0, 0, 565, 2
0, 0, 565, 2
0, 0, 565, 2
0, 0, 565, 2
0, 0, 565, 2
0, 0, 565, 2
0, 0, 565, 2
0, 0, 565, 2
0, 0, 565, 2
0, 0, 565, 2
0, 0, 565, 2
0, 0, 565, 2
0, 0, 565, 2
0, 0, 565, 2
0, 0, 565, 2
0, 0, 565, 2
0, 0, 565, 2
0, 0, 565, 2
0, 0, 565, 2
0, 0, 565, 2
0, 0, 565, 2
0, 0, 565, 2
0, 0, 565, 2
0, 0, 565, 2
0, 0, 565, 2
0, 0, 565, 2
0, 0, 565, 2
0, 0, 565, 2
0, 0, 565, 2
0, 0, 565, 2
0, 0, 565, 2
0, 0, 565, 2
0, 0, 565, 2
0, 0, 565, 2
0, 0, 565, 2
0, 0, 565, 2
0, 0, 565, 2
0, 0, 565, 2
0, 0, 565, 2
0, 0, 565, 2
0, 0, 565, 2
0, 0, 565, 2
0, 0, 565, 2
0, 0, 565, 2
0, 0, 565, 2
0, 0, 565, 2
0, 0, 565, 2
0, 0, 565, 2
0, 0, 565, 2
0, 0, 565, 2
0, 0, 565, 2
0, 0, 565, 2
0, 0, 565, 2
0, 0, 565, 2
0, 0, 565, 2
0, 0, 565, 2
0, 0, 565, 2
0, 0, 565, 2
0, 0, 565, 2
0, 0, 565, 2
0, 0, 565, 2
0, 0, 565, 2
0, 0, 565, 2
0, 0, 565, 2
0, 0, 565, 2
0, 0, 565, 2
0, 0, 565, 2
0, 0, 565, 2
0, 0, 565, 2
0, 0, 565, 2
0, 0, 565, 2
0, 0, 565, 2
0, 0, 565, 2
0, 0, 565, 2
0, 0, 565, 2
0, 0, 565, 2
0, 0, 565, 2
0, 0, 565, 2
0, 0, 565, 2
0, 0, 565, 2
0, 0, 565, 2
0, 0, 565, 2
0, 0, 565, 2
0, 0, 565, 2
0, 0, 565, 2
0, 0, 565, 2
0, 0, 565, 2
0, 0, 565, 2
0, 0, 565, 2
0, 0, 565, 2
0, 0, 565, 2
0, 0, 565, 2
0, 0, 565, 2
0, 0, 565, 2
0, 0, 565, 2
0, 0, 565, 2
0, 0, 565, 2
0, 0, 565, 2
0, 0, 565, 2
0, 0, 565, 2
0, 0, 565, 2
0, 0, 565, 2
0, 0, 565, 2
0, 0, 565, 2
0, 0, 565, 2
0, 0, 565, 2
0, 0, 565, 2
0, 0, 565, 2
0, 0, 565, 2
0, 0, 565, 2
0, 0, 565, 2
0, 0, 565, 2
0, 0, 565, 2
0, 0, 565, 2
0, 0, 565, 2
0, 0, 565, 2
0, 0, 565, 2
0, 0, 565, 2
0, 0, 565, 2
0, 0, 565, 2
0, 0, 565, 2
0, 0, 565, 2
0, 0, 565, 2
0, 0, 565, 2
0, 0, 565, 2
0, 0, 565, 2
0, 0, 565, 2
0, 0, 565, 2
0, 0, 565, 2
0, 0, 565, 2
0, 0, 565, 2
0, 0, 565, 2
0, 0, 565, 2
0, 0, 565, 2
0, 0, 565, 2
0, 0, 565, 2
0, 0, 565, 2
0, 0, 565, 2
0, 0, 565, 2
0, 0, 565, 2
0, 0, 565, 2
0, 0, 565, 2
0, 0, 565, 2
0, 0, 565, 2
0, 0, 565, 2
550, 2, 15, 0
550, 2, 15, 0
550, 2, 15, 0
550, 2, 15, 0
550, 2, 15, 0
550, 2, 15, 0
0, 0, 565, 2
550, 2, 15, 0
0, 0, 565, 2
0, 0, 565, 2
0, 0, 565, 2
551, 2, 14, 0
551, 2, 14, 0
551, 2, 14, 0
1, 0, 564, 2
1, 0, 564, 2
1, 0, 564, 2
127, 0, 438, 2
127, 0, 438, 2
127, 0, 438, 2
0, 0, 565, 2
0, 0, 565, 2
0, 0, 565, 2
0, 0, 565, 2
0, 0, 565, 2
0, 0, 565, 2
6, 0, 559, 2
6, 0, 559, 2
99, 0, 466, 2
99, 0, 466, 2
314, 0, 251, 2
314, 0, 251, 2
99, 0, 466, 2
99, 0, 466, 2
99, 0, 466, 2
99, 0, 466, 2
99, 0, 466, 2
101, 0, 464, 2
101, 0, 464, 2
101, 0, 464, 2
101, 0, 464, 2
101, 0, 464, 2
0, 0, 565, 2
0, 0, 565, 2
0, 0, 565, 2
0, 0, 565, 2
0, 0, 565, 2
0, 0, 565, 2
0, 0, 565, 2
0, 0, 565, 2
5, 0, 560, 2
5, 0, 560, 2
0, 0, 565, 2
0, 0, 565, 2
0, 0, 565, 2
0, 0, 565, 2
0, 0, 565, 2
0, 0, 565, 2
1, 0, 564, 2
1, 0, 564, 2
546, 2, 19, 0
546, 2, 19, 0
546, 2, 19, 0
546, 2, 19, 0
546, 2, 19, 0
546, 2, 19, 0
546, 2, 19, 0
546, 2, 19, 0
0, 0, 565, 2
11, 0, 554, 2
11, 0, 554, 2
11, 0, 554, 2
11, 0, 554, 2
11, 0, 554, 2
11, 0, 554, 2
11, 0, 554, 2
11, 0, 554, 2
11, 0, 554, 2
0, 0, 565, 2
6, 0, 559, 2
6, 0, 559, 2
119, 0, 446, 2
119, 0, 446, 2
119, 0, 446, 2
119, 0, 446, 2
426, 2, 139, 0
426, 2, 139, 0
426, 2, 139, 0
116, 0, 449, 2
0, 0, 565, 2
116, 0, 449, 2
116, 0, 449, 2
116, 0, 449, 2
426, 2, 139, 0
426, 2, 139, 0
426, 2, 139, 0
426, 2, 139, 0
118, 0, 447, 2
118, 0, 447, 2
118, 0, 447, 2
118, 0, 447, 2
2, 0, 563, 2
118, 0, 447, 2
118, 0, 447, 2
35, 0, 530, 2
35, 0, 530, 2
0, 0, 565, 2
83, 0, 482, 2
83, 0, 482, 2
83, 0, 482, 2
118, 0, 447, 2
529, 2, 36, 0
529, 2, 36, 0
529, 2, 36, 0
529, 2, 36, 0
2, 0, 563, 2
2, 0, 563, 2
6, 0, 559, 2
6, 0, 559, 2
0, 0, 565, 2
0, 0, 565, 2
0, 0, 565, 2
0, 0, 565, 2
0, 0, 565, 2
6, 0, 559, 2
6, 0, 559, 2
0, 0, 565, 2
0, 0, 565, 2
0, 0, 565, 2
0, 0, 565, 2
0, 0, 565, 2
314, 0, 251, 2
314, 0, 251, 2
314, 0, 251, 2
314, 0, 251, 2
0, 0, 565, 2
0, 0, 565, 2
0, 0, 565, 2
0, 0, 565, 2
0, 0, 565, 2
215, 0, 350, 2
215, 0, 350, 2
215, 0, 350, 2
215, 0, 350, 2
215, 0, 350, 2
0, 0, 565, 2
0, 0, 565, 2
0, 0, 565, 2
0, 0, 565, 2
0, 0, 565, 2
420, 2, 145, 0
420, 2, 145, 0
228, 2, 337, 0
228, 2, 337, 0
228, 2, 337, 0
228, 2, 337, 0
228, 2, 337, 0
421, 2, 144, 0
421, 2, 144, 0
426, 2, 139, 0
426, 2, 139, 0
0, 0, 565, 2
0, 0, 565, 2
0, 0, 565, 2
0, 0, 565, 2
0, 0, 565, 2
0, 0, 565, 2
0, 0, 565, 2
0, 0, 565, 2
0, 0, 565, 2
0, 0, 565, 2
0, 0, 565, 2
0, 0, 565, 2
0, 0, 565, 2
0, 0, 565, 2
0, 0, 565, 2
0, 0, 565, 2
0, 0, 565, 2
0, 0, 565, 2
0, 0, 565, 2
0, 0, 565, 2
0, 0, 565, 2
0, 0, 565, 2
0, 0, 565, 2
0, 0, 565, 2
0, 0, 565, 2
0, 0, 565, 2
0, 0, 565, 2
0, 0, 565, 2
0, 0, 565, 2
0, 0, 565, 2
0, 0, 565, 2
99, 0, 466, 2
99, 0, 466, 2
99, 0, 466, 2
99, 0, 466, 2
99, 0, 466, 2
99, 0, 466, 2
99, 0, 466, 2
0, 0, 565, 2
0, 0, 565, 2
0, 0, 565, 2
0, 0, 565, 2
0, 0, 565, 2
0, 0, 565, 2
0, 0, 565, 2
0, 0, 565, 2
0, 0, 565, 2
0, 0, 565, 2
0, 0, 565, 2
0, 0, 565, 2
117, 0, 448, 2
117, 0, 448, 2
117, 0, 448, 2
7, 0, 558, 2
7, 0, 558, 2
7, 0, 558, 2
7, 0, 558, 2
5, 0, 560, 2
5, 0, 560, 2
5, 0, 560, 2
5, 0, 560, 2
0, 0, 565, 2
0, 0, 565, 2
0, 0, 565, 2
0, 0, 565, 2
0, 0, 565, 2
0, 0, 565, 2
0, 0, 565, 2
0, 0, 565, 2
0, 0, 565, 2
0, 0, 565, 2
0, 0, 565, 2
0, 0, 565, 2
123, 0, 442, 2
123, 0, 442, 2
123, 0, 442, 2
123, 0, 442, 2
123, 0, 442, 2
123, 0, 442, 2
546, 2, 19, 0
546, 2, 19, 0
546, 2, 19, 0
546, 2, 19, 0
546, 2, 19, 0
546, 2, 19, 0
5, 0, 560, 2
5, 0, 560, 2
5, 0, 560, 2
526, 0, 39, 2
526, 0, 39, 2
526, 0, 39, 2
549, 2, 16, 0
549, 2, 16, 0
549, 2, 16, 0
549, 2, 16, 0
549, 2, 16, 0
549, 2, 16, 0
549, 2, 16, 0
549, 2, 16, 0
549, 2, 16, 0
0, 0, 565, 2
0, 0, 565, 2
0, 0, 565, 2
526, 0, 39, 2
526, 0, 39, 2
526, 0, 39, 2
523, 0, 42, 2
523, 0, 42, 2
523, 0, 42, 2
0, 0, 565, 2
0, 0, 565, 2
0, 0, 565, 2
526, 0, 39, 2
526, 0, 39, 2
526, 0, 39, 2
0, 0, 565, 2
0, 0, 565, 2
0, 0, 565, 2
0, 0, 565, 2
0, 0, 565, 2
226, 0, 339, 2
226, 0, 339, 2
226, 0, 339, 2
5, 0, 560, 2
226, 0, 339, 2
113, 0, 452, 2
113, 0, 452, 2
113, 0, 452, 2
113, 0, 452, 2
0, 0, 565, 2
0, 0, 565, 2
0, 0, 565, 2
0, 0, 565, 2
0, 0, 565, 2
0, 0, 565, 2
430, 2, 135, 0
558, 2, 7, 0
558, 2, 7, 0
558, 2, 7, 0
558, 2, 7, 0
558, 2, 7, 0
558, 2, 7, 0
558, 2, 7, 0
0, 0, 565, 2
0, 0, 565, 2
0, 0, 565, 2
0, 0, 565, 2
0, 0, 565, 2
0, 0, 565, 2
0, 0, 565, 2
0, 0, 565, 2
0, 0, 565, 2
0, 0, 565, 2
558, 2, 7, 0
544, 2, 21, 0
544, 2, 21, 0
544, 2, 21, 0
544, 2, 21, 0
544, 2, 21, 0
1, 0, 564, 2
1, 0, 564, 2
1, 0, 564, 2
558, 2, 7, 0
558, 2, 7, 0
558, 2, 7, 0
558, 2, 7, 0
558, 2, 7, 0
0, 0, 565, 2
0, 0, 565, 2
0, 0, 565, 2
0, 0, 565, 2
0, 0, 565, 2
1, 0, 564, 2
0, 0, 565, 2
558, 2, 7, 0
558, 2, 7, 0
558, 2, 7, 0
558, 2, 7, 0
558, 2, 7, 0
0, 0, 565, 2
558, 2, 7, 0
0, 0, 565, 2
0, 0, 565, 2
0, 0, 565, 2
558, 2, 7, 0
558, 2, 7, 0
1, 0, 564, 2
558, 2, 7, 0
0, 0, 565, 2
558, 2, 7, 0
558, 2, 7, 0
0, 0, 565, 2
0, 0, 565, 2
0, 0, 565, 2
0, 0, 565, 2
0, 0, 565, 2
0, 0, 565, 2
0, 0, 565, 2
0, 0, 565, 2
0, 0, 565, 2
0, 0, 565, 2
0, 0, 565, 2
0, 0, 565, 2
0, 0, 565, 2
558, 2, 7, 0
558, 2, 7, 0
558, 2, 7, 0
558, 2, 7, 0
544, 2, 21, 0
544, 2, 21, 0
544, 2, 21, 0
0, 0, 565, 2
0, 0, 565, 2
558, 2, 7, 0
558, 2, 7, 0
558, 2, 7, 0
558, 2, 7, 0
558, 2, 7, 0
558, 2, 7, 0
558, 2, 7, 0
558, 2, 7, 0
558, 2, 7, 0
558, 2, 7, 0
1, 0, 564, 2
1, 0, 564, 2
1, 0, 564, 2
1, 0, 564, 2
1, 0, 564, 2
1, 0, 564, 2
1, 0, 564, 2
1, 0, 564, 2
1, 0, 564, 2
558, 2, 7, 0
0, 0, 565, 2
0, 0, 565, 2
0, 0, 565, 2
0, 0, 565, 2
0, 0, 565, 2
0, 0, 565, 2
0, 0, 565, 2
0, 0, 565, 2
0, 0, 565, 2
0, 0, 565, 2
0, 0, 565, 2
0, 0, 565, 2
0, 0, 565, 2
124, 0, 441, 2
124, 0, 441, 2
124, 0, 441, 2
124, 0, 441, 2
0, 0, 565, 2
0, 0, 565, 2
0, 0, 565, 2
0, 0, 565, 2
0, 0, 565, 2
0, 0, 565, 2
0, 0, 565, 2
0, 0, 565, 2
0, 0, 565, 2
0, 0, 565, 2
124, 0, 441, 2
124, 0, 441, 2
124, 0, 441, 2
124, 0, 441, 2
124, 0, 441, 2
116, 0, 449, 2
116, 0, 449, 2
116, 0, 449, 2
0, 0, 565, 2
0, 0, 565, 2
0, 0, 565, 2
0, 0, 565, 2
0, 0, 565, 2
0, 0, 565, 2
0, 0, 565, 2
0, 0, 565, 2
0, 0, 565, 2
0, 0, 565, 2
0, 0, 565, 2
0, 0, 565, 2
0, 0, 565, 2
0, 0, 565, 2
116, 0, 449, 2
116, 0, 449, 2
116, 0, 449, 2
116, 0, 449, 2
116, 0, 449, 2
544, 2, 21, 0
544, 2, 21, 0
0, 0, 565, 2
544, 2, 21, 0
544, 2, 21, 0
544, 2, 21, 0
0, 0, 565, 2
0, 0, 565, 2
0, 0, 565, 2
0, 0, 565, 2
0, 0, 565, 2
0, 0, 565, 2
0, 0, 565, 2
0, 0, 565, 2
0, 0, 565, 2
0, 0, 565, 2
558, 2, 7, 0
558, 2, 7, 0
558, 2, 7, 0
558, 2, 7, 0
558, 2, 7, 0
558, 2, 7, 0
558, 2, 7, 0
558, 2, 7, 0
558, 2, 7, 0
0, 0, 565, 2
558, 2, 7, 0
558, 2, 7, 0
558, 2, 7, 0
0, 0, 565, 2
558, 2, 7, 0
558, 2, 7, 0
558, 2, 7, 0
0, 0, 565, 2
0, 0, 565, 2
0, 0, 565, 2
0, 0, 565, 2
0, 0, 565, 2
0, 0, 565, 2
0, 0, 565, 2
0, 0, 565, 2
558, 2, 7, 0
558, 2, 7, 0
558, 2, 7, 0
558, 2, 7, 0
558, 2, 7, 0
558, 2, 7, 0
558, 2, 7, 0
558, 2, 7, 0
558, 2, 7, 0
558, 2, 7, 0
558, 2, 7, 0
558, 2, 7, 0
558, 2, 7, 0
558, 2, 7, 0
544, 2, 21, 0
558, 2, 7, 0
0, 0, 565, 2
0, 0, 565, 2
0, 0, 565, 2
0, 0, 565, 2
0, 0, 565, 2
0, 0, 565, 2
0, 0, 565, 2
0, 0, 565, 2
0, 0, 565, 2
0, 0, 565, 2
0, 0, 565, 2
0, 0, 565, 2
0, 0, 565, 2
0, 0, 565, 2
0, 0, 565, 2
0, 0, 565, 2
0, 0, 565, 2
0, 0, 565, 2
0, 0, 565, 2
0, 0, 565, 2
0, 0, 565, 2
0, 0, 565, 2
0, 0, 565, 2
0, 0, 565, 2
0, 0, 565, 2
0, 0, 565, 2
0, 0, 565, 2
0, 0, 565, 2
0, 0, 565, 2
0, 0, 565, 2
0, 0, 565, 2
0, 0, 565, 2
0, 0, 565, 2
124, 0, 441, 2
124, 0, 441, 2
124, 0, 441, 2
124, 0, 441, 2
124, 0, 441, 2
124, 0, 441, 2
0, 0, 565, 2
124, 0, 441, 2
0, 0, 565, 2
124, 0, 441, 2
124, 0, 441, 2
124, 0, 441, 2
124, 0, 441, 2
124, 0, 441, 2
0, 0, 565, 2
124, 0, 441, 2
124, 0, 441, 2
0, 0, 565, 2
0, 0, 565, 2
0, 0, 565, 2
558, 2, 7, 0
558, 2, 7, 0
0, 0, 565, 2
0, 0, 565, 2
0, 0, 565, 2
0, 0, 565, 2
0, 0, 565, 2
544, 2, 21, 0
544, 2, 21, 0
1, 0, 564, 2
1, 0, 564, 2
544, 2, 21, 0
559, 2, 6, 0
559, 2, 6, 0
559, 2, 6, 0
559, 2, 6, 0
559, 2, 6, 0
1, 0, 564, 2
0, 0, 565, 2
0, 0, 565, 2
558, 2, 7, 0
558, 2, 7, 0
565, 2, 0, 0
565, 2, 0, 0
33, 0, 532, 2
33, 0, 532, 2
541, 2, 24, 0
541, 2, 24, 0
541, 2, 24, 0
541, 2, 24, 0
