335
402, 165, 0, 0
402, 165, 0, 0
402, 165, 0, 0
402, 165, 0, 0
402, 165, 0, 0
387, 165, 15, 0
378, 165, 24, 0
378, 165, 24, 0
378, 165, 24, 0
6, 0, 396, 165
378, 165, 24, 0
1, 0, 401, 165
378, 165, 24, 0
378, 165, 24, 0
0, 0, 402, 165
399, 165, 3, 0
399, 165, 3, 0
2, 0, 400, 165
0, 0, 402, 165
2, 0, 400, 165
0, 0, 402, 165
399, 165, 3, 0
11, 0, 391, 165
0, 0, 402, 165
11, 0, 391, 165
0, 0, 402, 165
11, 0, 391, 165
0, 0, 402, 165
399, 165, 3, 0
5, 0, 397, 165
0, 0, 402, 165
5, 0, 397, 165
0, 0, 402, 165
5, 0, 397, 165
5, 0, 397, 165
0, 0, 402, 165
5, 0, 397, 165
0, 0, 402, 165
399, 165, 3, 0
9, 0, 393, 165
9, 0, 393, 165
9, 0, 393, 165
0, 0, 402, 165
9, 0, 393, 165
3, 0, 399, 165
9, 0, 393, 165
2, 0, 400, 165
9, 0, 393, 165
2, 0, 400, 165
9, 0, 393, 165
2, 0, 400, 165
9, 0, 393, 165
2, 0, 400, 165
9, 0, 393, 165
0, 0, 402, 165
9, 0, 393, 165
2, 0, 400, 165
9, 0, 393, 165
2, 0, 400, 165
9, 0, 393, 165
9, 0, 393, 165
9, 0, 393, 165
2, 0, 400, 165
9, 0, 393, 165
3, 0, 399, 165
9, 0, 393, 165
6, 0, 396, 165
9, 0, 393, 165
2, 0, 400, 165
9, 0, 393, 165
4, 0, 398, 165
9, 0, 393, 165
1, 0, 401, 165
8, 0, 394, 165
9, 0, 393, 165
9, 0, 393, 165
3, 0, 399, 165
9, 0, 393, 165
1, 0, 401, 165
9, 0, 393, 165
1, 0, 401, 165
9, 0, 393, 165
8, 0, 394, 165
9, 0, 393, 165
8, 0, 394, 165
9, 0, 393, 165
2, 0, 400, 165
9, 0, 393, 165
1, 0, 401, 165
9, 0, 393, 165
0, 0, 402, 165
9, 0, 393, 165
9, 0, 393, 165
9, 0, 393, 165
9, 0, 393, 165
9, 0, 393, 165
2, 0, 400, 165
7, 0, 395, 165
0, 0, 402, 165
7, 0, 395, 165
9, 0, 393, 165
0, 0, 402, 165
9, 0, 393, 165
9, 0, 393, 165
9, 0, 393, 165
2, 0, 400, 165
7, 0, 395, 165
9, 0, 393, 165
9, 0, 393, 165
9, 0, 393, 165
1, 0, 401, 165
1, 0, 401, 165
8, 0, 394, 165
8, 0, 394, 165
8, 0, 394, 165
8, 0, 394, 165
8, 0, 394, 165
8, 0, 394, 165
8, 0, 394, 165
9, 0, 393, 165
8, 0, 394, 165
8, 0, 394, 165
9, 0, 393, 165
8, 0, 394, 165
8, 0, 394, 165
9, 0, 393, 165
9, 0, 393, 165
9, 0, 393, 165
399, 165, 3, 0
402, 165, 0, 0
402, 165, 0, 0
402, 165, 0, 0
402, 165, 0, 0
402, 165, 0, 0
402, 165, 0, 0
402, 165, 0, 0
402, 165, 0, 0
402, 165, 0, 0
402, 165, 0, 0
402, 165, 0, 0
402, 165, 0, 0
402, 165, 0, 0
402, 165, 0, 0
402, 165, 0, 0
402, 165, 0, 0
402, 165, 0, 0
402, 165, 0, 0
0, 0, 402, 165
402, 165, 0, 0
402, 165, 0, 0
402, 165, 0, 0
385, 165, 17, 0
385, 165, 17, 0
385, 165, 17, 0
0, 0, 402, 165
0, 0, 402, 165
2, 0, 400, 165
2, 0, 400, 165
2, 0, 400, 165
5, 0, 397, 165
5, 0, 397, 165
1, 0, 401, 165
326, 152, 76, 13
1, 0, 401, 165
325, 152, 77, 13
325, 152, 77, 13
325, 152, 77, 13
325, 152, 77, 13
325, 152, 77, 13
325, 152, 77, 13
322, 152, 80, 13
163, 80, 239, 85
163, 80, 239, 85
161, 82, 241, 83
161, 82, 241, 83
15, 0, 387, 165
15, 0, 387, 165
18, 0, 384, 165
18, 0, 384, 165
83, 80, 319, 85
83, 80, 319, 85
160, 82, 242, 83
160, 82, 242, 83
1, 0, 401, 165
324, 152, 78, 13
170, 82, 232, 83
170, 82, 232, 83
82, 2, 320, 163
82, 2, 320, 163
82, 2, 320, 163
80, 0, 322, 165
80, 0, 322, 165
80, 0, 322, 165
1, 0, 401, 165
1, 0, 401, 165
3, 0, 399, 165
3, 0, 399, 165
3, 0, 399, 165
3, 0, 399, 165
3, 0, 399, 165
3, 160, 399, 5
3, 160, 399, 5
3, 0, 399, 165
3, 0, 399, 165
1, 0, 401, 165
4, 0, 398, 165
1, 0, 401, 165
3, 0, 399, 165
3, 0, 399, 165
14, 0, 388, 165
14, 0, 388, 165
4, 0, 398, 165
1, 0, 401, 165
3, 0, 399, 165
3, 0, 399, 165
3, 0, 399, 165
3, 0, 399, 165
3, 0, 399, 165
3, 0, 399, 165
19, 3, 383, 162
19, 3, 383, 162
9, 0, 393, 165
9, 0, 393, 165
1, 0, 401, 165
1, 0, 401, 165
3, 0, 399, 165
3, 0, 399, 165
3, 0, 399, 165
3, 0, 399, 165
3, 0, 399, 165
2, 0, 400, 165
2, 0, 400, 165
2, 0, 400, 165
1, 0, 401, 165
1, 0, 401, 165
1, 0, 401, 165
381, 165, 21, 0
395, 165, 7, 0
390, 165, 12, 0
80, 0, 322, 165
310, 165, 92, 0
395, 165, 7, 0
390, 165, 12, 0
122, 0, 280, 165
268, 165, 134, 0
395, 165, 7, 0
3, 160, 399, 5
0, 0, 402, 165
3, 160, 399, 5
1, 0, 401, 165
2, 160, 400, 5
2, 160, 400, 5
2, 160, 400, 5
394, 165, 8, 0
3, 0, 399, 165
391, 165, 11, 0
1, 0, 401, 165
390, 165, 12, 0
1, 0, 401, 165
389, 165, 13, 0
0, 0, 402, 165
389, 165, 13, 0
386, 165, 16, 0
0, 0, 402, 165
386, 165, 16, 0
386, 165, 16, 0
386, 165, 16, 0
386, 165, 16, 0
0, 0, 402, 165
386, 165, 16, 0
389, 165, 13, 0
389, 165, 13, 0
389, 165, 13, 0
388, 165, 14, 0
5, 0, 397, 165
5, 0, 397, 165
0, 0, 402, 165
383, 165, 19, 0
388, 165, 14, 0
388, 165, 14, 0
388, 165, 14, 0
1, 0, 401, 165
387, 165, 15, 0
1, 0, 401, 165
1, 0, 401, 165
1, 0, 401, 165
1, 0, 401, 165
1, 0, 401, 165
1, 0, 401, 165
1, 0, 401, 165
1, 0, 401, 165
1, 0, 401, 165
1, 0, 401, 165
1, 0, 401, 165
1, 0, 401, 165
1, 0, 401, 165
1, 0, 401, 165
1, 0, 401, 165
387, 165, 15, 0
387, 165, 15, 0
387, 165, 15, 0
387, 165, 15, 0
387, 165, 15, 0
387, 165, 15, 0
387, 165, 15, 0
387, 165, 15, 0
387, 165, 15, 0
387, 165, 15, 0
387, 165, 15, 0
207, 95, 195, 70
207, 95, 195, 70
207, 95, 195, 70
207, 95, 195, 70
207, 95, 195, 70
180, 70, 222, 95
180, 70, 222, 95
180, 70, 222, 95
387, 165, 15, 0
387, 165, 15, 0
387, 165, 15, 0
387, 165, 15, 0
387, 165, 15, 0
387, 165, 15, 0
0, 0, 402, 165
0, 0, 402, 165
386, 165, 16, 0
6, 0, 396, 165
380, 165, 22, 0
2, 160, 400, 5
378, 5, 24, 160
0, 0, 402, 165
380, 165, 22, 0
2, 160, 400, 5
378, 5, 24, 160
0, 0, 402, 165
380, 165, 22, 0
12, 0, 390, 165
2, 0, 400, 165
2, 0, 400, 165
12, 0, 390, 165
1, 0, 401, 165
1, 0, 401, 165
1, 0, 401, 165
0, 0, 402, 165
12, 0, 390, 165
5, 0, 397, 165
12, 0, 390, 165
1, 0, 401, 165
380, 165, 22, 0
5, 164, 397, 1
380, 165, 22, 0
1, 32, 401, 133
380, 165, 22, 0
2, 0, 400, 165
2, 0, 400, 165
0, 0, 402, 165
378, 165, 24, 0
302, 165, 100, 0
76, 0, 326, 165
378, 165, 24, 0
0, 0, 402, 165
0, 0, 402, 165
0, 0, 402, 165
378, 165, 24, 0
92, 0, 310, 165
286, 165, 116, 0
286, 165, 116, 0
378, 165, 24, 0
4, 165, 398, 0
378, 165, 24, 0
170, 82, 232, 83
378, 165, 24, 0
2, 160, 400, 5
2, 160, 400, 5
2, 160, 400, 5
376, 5, 26, 160
376, 5, 26, 160
378, 165, 24, 0
0, 0, 402, 165
378, 165, 24, 0
2, 160, 400, 5
376, 5, 26, 160
376, 5, 26, 160
378, 165, 24, 0
200, 95, 202, 70
178, 70, 224, 95
378, 165, 24, 0
378, 165, 24, 0
378, 165, 24, 0
200, 95, 202, 70
378, 165, 24, 0
387, 165, 15, 0
387, 165, 15, 0
387, 165, 15, 0
387, 165, 15, 0
387, 165, 15, 0
387, 165, 15, 0
387, 165, 15, 0
387, 165, 15, 0
387, 165, 15, 0
387, 165, 15, 0
387, 165, 15, 0
387, 165, 15, 0
387, 165, 15, 0
387, 165, 15, 0
387, 165, 15, 0
387, 165, 15, 0
387, 165, 15, 0
387, 165, 15, 0
387, 165, 15, 0
387, 165, 15, 0
387, 165, 15, 0
387, 165, 15, 0
387, 165, 15, 0
387, 165, 15, 0
387, 165, 15, 0
387, 165, 15, 0
387, 165, 15, 0
387, 165, 15, 0
387, 165, 15, 0
387, 165, 15, 0
387, 165, 15, 0
387, 165, 15, 0
387, 165, 15, 0
387, 165, 15, 0
387, 165, 15, 0
387, 165, 15, 0
387, 165, 15, 0
387, 165, 15, 0
387, 165, 15, 0
387, 165, 15, 0
387, 165, 15, 0
387, 165, 15, 0
387, 165, 15, 0
387, 165, 15, 0
2, 0, 400, 165
2, 0, 400, 165
2, 0, 400, 165
2, 0, 400, 165
2, 0, 400, 165
2, 0, 400, 165
2, 0, 400, 165
2, 0, 400, 165
2, 0, 400, 165
2, 0, 400, 165
2, 0, 400, 165
2, 0, 400, 165
2, 0, 400, 165
2, 0, 400, 165
2, 0, 400, 165
2, 0, 400, 165
2, 0, 400, 165
2, 0, 400, 165
2, 0, 400, 165
2, 0, 400, 165
2, 0, 400, 165
2, 0, 400, 165
2, 0, 400, 165
2, 0, 400, 165
2, 0, 400, 165
2, 0, 400, 165
2, 0, 400, 165
2, 0, 400, 165
2, 0, 400, 165
2, 0, 400, 165
2, 0, 400, 165
2, 0, 400, 165
2, 0, 400, 165
2, 0, 400, 165
300, 130, 102, 35
300, 130, 102, 35
300, 130, 102, 35
300, 130, 102, 35
300, 130, 102, 35
299, 128, 103, 37
3, 0, 399, 165
300, 130, 102, 35
300, 130, 102, 35
2, 0, 400, 165
2, 0, 400, 165
2, 0, 400, 165
300, 130, 102, 35
300, 130, 102, 35
386, 165, 16, 0
386, 165, 16, 0
2, 0, 400, 165
2, 0, 400, 165
2, 0, 400, 165
2, 0, 400, 165
2, 0, 400, 165
386, 165, 16, 0
386, 165, 16, 0
300, 130, 102, 35
386, 165, 16, 0
386, 165, 16, 0
386, 165, 16, 0
386, 165, 16, 0
386, 165, 16, 0
386, 165, 16, 0
4, 0, 398, 165
4, 0, 398, 165
4, 0, 398, 165
4, 0, 398, 165
4, 0, 398, 165
4, 0, 398, 165
4, 0, 398, 165
4, 0, 398, 165
4, 0, 398, 165
4, 0, 398, 165
4, 0, 398, 165
4, 0, 398, 165
4, 0, 398, 165
378, 165, 24, 0
378, 165, 24, 0
352, 162, 50, 3
352, 162, 50, 3
4, 0, 398, 165
4, 0, 398, 165
4, 0, 398, 165
4, 0, 398, 165
378, 165, 24, 0
1, 32, 401, 133
1, 32, 401, 133
1, 32, 401, 133
1, 32, 401, 133
1, 32, 401, 133
1, 32, 401, 133
1, 32, 401, 133
1, 32, 401, 133
1, 32, 401, 133
1, 32, 401, 133
1, 32, 401, 133
4, 0, 398, 165
4, 0, 398, 165
4, 0, 398, 165
4, 0, 398, 165
4, 0, 398, 165
4, 0, 398, 165
4, 0, 398, 165
4, 0, 398, 165
4, 0, 398, 165
4, 0, 398, 165
4, 0, 398, 165
4, 0, 398, 165
4, 0, 398, 165
4, 0, 398, 165
4, 0, 398, 165
4, 0, 398, 165
4, 0, 398, 165
4, 0, 398, 165
4, 0, 398, 165
4, 0, 398, 165
4, 0, 398, 165
4, 0, 398, 165
4, 0, 398, 165
4, 0, 398, 165
4, 0, 398, 165
4, 0, 398, 165
4, 0, 398, 165
4, 0, 398, 165
4, 0, 398, 165
4, 0, 398, 165
4, 0, 398, 165
4, 0, 398, 165
378, 165, 24, 0
378, 165, 24, 0
378, 165, 24, 0
378, 165, 24, 0
378, 165, 24, 0
378, 165, 24, 0
378, 165, 24, 0
378, 165, 24, 0
378, 165, 24, 0
378, 165, 24, 0
378, 165, 24, 0
378, 165, 24, 0
378, 165, 24, 0
378, 165, 24, 0
378, 165, 24, 0
378, 165, 24, 0
378, 165, 24, 0
378, 165, 24, 0
378, 165, 24, 0
378, 165, 24, 0
378, 165, 24, 0
378, 165, 24, 0
378, 165, 24, 0
378, 165, 24, 0
378, 165, 24, 0
378, 165, 24, 0
0, 0, 402, 165
378, 165, 24, 0
378, 165, 24, 0
378, 165, 24, 0
378, 165, 24, 0
0, 1, 402, 164
0, 1, 402, 164
0, 1, 402, 164
0, 1, 402, 164
0, 1, 402, 164
0, 1, 402, 164
0, 1, 402, 164
0, 1, 402, 164
0, 1, 402, 164
0, 1, 402, 164
0, 1, 402, 164
0, 0, 402, 165
0, 1, 402, 164
378, 165, 24, 0
378, 165, 24, 0
378, 165, 24, 0
378, 165, 24, 0
378, 165, 24, 0
378, 165, 24, 0
378, 165, 24, 0
378, 165, 24, 0
378, 165, 24, 0
378, 165, 24, 0
11, 3, 391, 162
11, 3, 391, 162
378, 165, 24, 0
378, 165, 24, 0
127, 71, 275, 94
127, 71, 275, 94
0, 0, 402, 165
0, 0, 402, 165
0, 0, 402, 165
0, 0, 402, 165
0, 0, 402, 165
127, 71, 275, 94
126, 70, 276, 95
378, 165, 24, 0
92, 0, 310, 165
92, 0, 310, 165
92, 0, 310, 165
92, 0, 310, 165
286, 165, 116, 0
23, 0, 379, 165
22, 0, 380, 165
1, 0, 401, 165
23, 0, 379, 165
23, 0, 379, 165
23, 0, 379, 165
23, 0, 379, 165
23, 0, 379, 165
378, 165, 24, 0
378, 165, 24, 0
378, 165, 24, 0
378, 165, 24, 0
378, 165, 24, 0
378, 165, 24, 0
378, 165, 24, 0
378, 165, 24, 0
378, 165, 24, 0
378, 165, 24, 0
378, 165, 24, 0
378, 165, 24, 0
0, 0, 402, 165
378, 165, 24, 0
286, 165, 116, 0
0, 0, 402, 165
286, 165, 116, 0
286, 165, 116, 0
286, 165, 116, 0
378, 165, 24, 0
378, 165, 24, 0
378, 165, 24, 0
378, 165, 24, 0
378, 165, 24, 0
378, 165, 24, 0
378, 165, 24, 0
378, 165, 24, 0
378, 165, 24, 0
11, 3, 391, 162
378, 165, 24, 0
378, 165, 24, 0
378, 165, 24, 0
378, 165, 24, 0
378, 165, 24, 0
378, 165, 24, 0
378, 165, 24, 0
378, 165, 24, 0
378, 165, 24, 0
378, 165, 24, 0
378, 165, 24, 0
378, 165, 24, 0
1, 32, 401, 133
378, 165, 24, 0
378, 165, 24, 0
11, 3, 391, 162
378, 165, 24, 0
378, 165, 24, 0
378, 165, 24, 0
335, 148, 67, 17
335, 148, 67, 17
335, 148, 67, 17
10, 3, 392, 162
335, 148, 67, 17
335, 148, 67, 17
335, 148, 67, 17
335, 148, 67, 17
378, 165, 24, 0
378, 165, 24, 0
378, 165, 24, 0
378, 165, 24, 0
0, 0, 402, 165
0, 0, 402, 165
378, 165, 24, 0
378, 165, 24, 0
378, 165, 24, 0
126, 70, 276, 95
126, 70, 276, 95
378, 165, 24, 0
23, 0, 379, 165
23, 0, 379, 165
23, 0, 379, 165
23, 0, 379, 165
23, 0, 379, 165
23, 0, 379, 165
23, 0, 379, 165
355, 165, 47, 0
92, 0, 310, 165
263, 165, 139, 0
263, 165, 139, 0
263, 165, 139, 0
263, 165, 139, 0
263, 165, 139, 0
263, 165, 139, 0
263, 165, 139, 0
263, 165, 139, 0
263, 165, 139, 0
378, 165, 24, 0
23, 0, 379, 165
355, 165, 47, 0
263, 165, 139, 0
263, 165, 139, 0
263, 165, 139, 0
263, 165, 139, 0
263, 165, 139, 0
378, 165, 24, 0
378, 165, 24, 0
378, 165, 24, 0
378, 165, 24, 0
378, 165, 24, 0
378, 165, 24, 0
378, 165, 24, 0
378, 165, 24, 0
378, 165, 24, 0
378, 165, 24, 0
378, 165, 24, 0
378, 165, 24, 0
378, 165, 24, 0
378, 165, 24, 0
1, 1, 401, 164
378, 165, 24, 0
378, 165, 24, 0
378, 165, 24, 0
378, 165, 24, 0
1, 1, 401, 164
81, 33, 321, 132
378, 165, 24, 0
0, 1, 402, 164
378, 165, 24, 0
378, 165, 24, 0
378, 165, 24, 0
378, 165, 24, 0
378, 165, 24, 0
378, 165, 24, 0
378, 165, 24, 0
378, 165, 24, 0
378, 165, 24, 0
378, 165, 24, 0
4, 165, 398, 0
374, 0, 28, 165
378, 165, 24, 0
378, 165, 24, 0
4, 165, 398, 0
4, 165, 398, 0
4, 165, 398, 0
4, 165, 398, 0
4, 165, 398, 0
4, 165, 398, 0
4, 165, 398, 0
374, 0, 28, 165
374, 0, 28, 165
374, 0, 28, 165
374, 0, 28, 165
374, 0, 28, 165
374, 0, 28, 165
374, 0, 28, 165
378, 165, 24, 0
378, 165, 24, 0
378, 165, 24, 0
378, 165, 24, 0
378, 165, 24, 0
378, 165, 24, 0
378, 165, 24, 0
378, 165, 24, 0
378, 165, 24, 0
378, 165, 24, 0
378, 165, 24, 0
378, 165, 24, 0
378, 165, 24, 0
378, 165, 24, 0
142, 67, 260, 98
142, 67, 260, 98
0, 0, 402, 165
142, 67, 260, 98
142, 67, 260, 98
142, 67, 260, 98
142, 67, 260, 98
378, 165, 24, 0
290, 127, 112, 38
290, 127, 112, 38
290, 127, 112, 38
1, 0, 401, 165
290, 127, 112, 38
290, 126, 112, 39
290, 127, 112, 38
290, 127, 112, 38
290, 127, 112, 38
378, 165, 24, 0
0, 0, 402, 165
378, 165, 24, 0
368, 165, 34, 0
368, 165, 34, 0
378, 165, 24, 0
378, 165, 24, 0
378, 165, 24, 0
378, 165, 24, 0
378, 165, 24, 0
378, 165, 24, 0
378, 165, 24, 0
378, 165, 24, 0
378, 165, 24, 0
378, 165, 24, 0
378, 165, 24, 0
378, 165, 24, 0
378, 165, 24, 0
0, 0, 402, 165
378, 165, 24, 0
368, 165, 34, 0
368, 165, 34, 0
368, 165, 34, 0
378, 165, 24, 0
378, 165, 24, 0
378, 165, 24, 0
378, 165, 24, 0
378, 165, 24, 0
378, 165, 24, 0
378, 165, 24, 0
142, 67, 260, 98
142, 67, 260, 98
0, 0, 402, 165
142, 67, 260, 98
142, 67, 260, 98
378, 165, 24, 0
378, 165, 24, 0
290, 127, 112, 38
290, 127, 112, 38
290, 127, 112, 38
1, 0, 401, 165
290, 127, 112, 38
378, 165, 24, 0
200, 95, 202, 70
200, 95, 202, 70
200, 95, 202, 70
200, 95, 202, 70
200, 95, 202, 70
154, 74, 248, 91
154, 74, 248, 91
154, 74, 248, 91
154, 74, 248, 91
154, 74, 248, 91
200, 95, 202, 70
200, 95, 202, 70
240, 135, 162, 30
240, 135, 162, 30
240, 135, 162, 30
240, 135, 162, 30
240, 135, 162, 30
240, 135, 162, 30
240, 135, 162, 30
240, 135, 162, 30
384, 165, 18, 0
384, 165, 18, 0
384, 165, 18, 0
325, 151, 77, 14
325, 151, 77, 14
2, 1, 400, 164
325, 151, 77, 14
325, 151, 77, 14
325, 151, 77, 14
325, 151, 77, 14
321, 151, 81, 14
321, 150, 81, 15
3, 1, 399, 164
321, 150, 81, 15
321, 150, 81, 15
228, 106, 174, 59
321, 150, 81, 15
321, 150, 81, 15
321, 150, 81, 15
321, 150, 81, 15
321, 150, 81, 15
321, 150, 81, 15
317, 149, 85, 16
317, 149, 85, 16
309, 141, 93, 24
317, 149, 85, 16
321, 151, 81, 14
325, 151, 77, 14
317, 150, 85, 15
317, 150, 85, 15
325, 151, 77, 14
325, 151, 77, 14
321, 150, 81, 15
384, 165, 18, 0
374, 165, 28, 0
374, 165, 28, 0
372, 165, 30, 0
374, 165, 28, 0
374, 165, 28, 0
374, 165, 28, 0
374, 165, 28, 0
374, 165, 28, 0
378, 165, 24, 0
378, 165, 24, 0
378, 165, 24, 0
378, 165, 24, 0
378, 165, 24, 0
378, 165, 24, 0
0, 0, 402, 165
0, 0, 402, 165
378, 165, 24, 0
378, 165, 24, 0
378, 165, 24, 0
6, 165, 396, 0
372, 0, 30, 165
92, 0, 310, 165
280, 0, 122, 165
372, 0, 30, 165
372, 0, 30, 165
372, 0, 30, 165
372, 0, 30, 165
372, 0, 30, 165
372, 0, 30, 165
378, 165, 24, 0
378, 165, 24, 0
6, 165, 396, 0
372, 0, 30, 165
372, 0, 30, 165
372, 0, 30, 165
372, 0, 30, 165
372, 0, 30, 165
113, 0, 289, 165
259, 0, 143, 165
372, 0, 30, 165
372, 0, 30, 165
372, 0, 30, 165
372, 0, 30, 165
92, 0, 310, 165
92, 0, 310, 165
92, 0, 310, 165
92, 0, 310, 165
92, 0, 310, 165
0, 0, 402, 165
92, 0, 310, 165
0, 0, 402, 165
92, 0, 310, 165
92, 0, 310, 165
92, 0, 310, 165
92, 0, 310, 165
92, 0, 310, 165
92, 0, 310, 165
92, 0, 310, 165
92, 0, 310, 165
92, 0, 310, 165
92, 0, 310, 165
92, 0, 310, 165
92, 0, 310, 165
92, 0, 310, 165
92, 0, 310, 165
92, 0, 310, 165
92, 0, 310, 165
92, 0, 310, 165
92, 0, 310, 165
92, 0, 310, 165
92, 0, 310, 165
92, 0, 310, 165
92, 0, 310, 165
92, 0, 310, 165
92, 0, 310, 165
92, 0, 310, 165
92, 0, 310, 165
92, 0, 310, 165
92, 0, 310, 165
92, 0, 310, 165
40, 0, 362, 165
92, 0, 310, 165
200, 95, 202, 70
200, 95, 202, 70
200, 95, 202, 70
200, 95, 202, 70
3, 0, 399, 165
200, 95, 202, 70
200, 95, 202, 70
200, 95, 202, 70
200, 95, 202, 70
11, 3, 391, 162
11, 3, 391, 162
11, 3, 391, 162
11, 3, 391, 162
11, 3, 391, 162
11, 3, 391, 162
11, 3, 391, 162
200, 95, 202, 70
378, 165, 24, 0
378, 165, 24, 0
92, 0, 310, 165
286, 165, 116, 0
23, 0, 379, 165
263, 165, 139, 0
4, 165, 398, 0
4, 165, 398, 0
4, 165, 398, 0
4, 165, 398, 0
4, 165, 398, 0
4, 165, 398, 0
4, 165, 398, 0
4, 165, 398, 0
4, 165, 398, 0
4, 165, 398, 0
4, 165, 398, 0
1, 32, 401, 133
1, 32, 401, 133
1, 32, 401, 133
1, 32, 401, 133
1, 32, 401, 133
1, 32, 401, 133
1, 32, 401, 133
1, 32, 401, 133
1, 32, 401, 133
1, 32, 401, 133
1, 32, 401, 133
1, 32, 401, 133
1, 32, 401, 133
1, 32, 401, 133
1, 32, 401, 133
1, 32, 401, 133
1, 32, 401, 133
1, 32, 401, 133
1, 32, 401, 133
1, 32, 401, 133
0, 31, 402, 134
0, 31, 402, 134
0, 31, 402, 134
1, 32, 401, 133
1, 32, 401, 133
1, 32, 401, 133
1, 32, 401, 133
1, 32, 401, 133
1, 32, 401, 133
1, 32, 401, 133
1, 32, 401, 133
1, 32, 401, 133
1, 32, 401, 133
1, 32, 401, 133
1, 32, 401, 133
1, 32, 401, 133
3, 133, 399, 32
3, 133, 399, 32
3, 133, 399, 32
3, 133, 399, 32
3, 133, 399, 32
3, 133, 399, 32
4, 165, 398, 0
4, 165, 398, 0
4, 165, 398, 0
4, 165, 398, 0
4, 165, 398, 0
4, 165, 398, 0
4, 165, 398, 0
259, 0, 143, 165
378, 165, 24, 0
23, 0, 379, 165
23, 0, 379, 165
23, 0, 379, 165
23, 0, 379, 165
23, 0, 379, 165
23, 0, 379, 165
23, 0, 379, 165
23, 0, 379, 165
1, 0, 401, 165
23, 0, 379, 165
23, 0, 379, 165
1, 0, 401, 165
23, 0, 379, 165
263, 165, 139, 0
263, 165, 139, 0
263, 165, 139, 0
263, 165, 139, 0
263, 165, 139, 0
263, 165, 139, 0
263, 165, 139, 0
263, 165, 139, 0
121, 93, 281, 72
121, 93, 281, 72
121, 93, 281, 72
121, 93, 281, 72
121, 93, 281, 72
263, 165, 139, 0
263, 165, 139, 0
263, 165, 139, 0
263, 165, 139, 0
378, 165, 24, 0
378, 165, 24, 0
378, 165, 24, 0
378, 165, 24, 0
23, 0, 379, 165
23, 0, 379, 165
23, 0, 379, 165
21, 0, 381, 165
21, 0, 381, 165
21, 0, 381, 165
23, 0, 379, 165
23, 0, 379, 165
21, 0, 381, 165
23, 0, 379, 165
23, 0, 379, 165
23, 0, 379, 165
355, 165, 47, 0
92, 0, 310, 165
92, 0, 310, 165
92, 0, 310, 165
92, 0, 310, 165
92, 0, 310, 165
92, 0, 310, 165
92, 0, 310, 165
92, 0, 310, 165
92, 0, 310, 165
92, 0, 310, 165
92, 0, 310, 165
92, 0, 310, 165
92, 0, 310, 165
92, 0, 310, 165
92, 0, 310, 165
92, 0, 310, 165
92, 0, 310, 165
263, 165, 139, 0
263, 165, 139, 0
263, 165, 139, 0
263, 165, 139, 0
263, 165, 139, 0
263, 165, 139, 0
263, 165, 139, 0
263, 165, 139, 0
263, 165, 139, 0
261, 165, 141, 0
2, 0, 400, 165
263, 165, 139, 0
1, 0, 401, 165
1, 0, 401, 165
378, 165, 24, 0
378, 165, 24, 0
378, 165, 24, 0
252, 95, 150, 70
200, 95, 202, 70
52, 0, 350, 165
285, 165, 117, 0
378, 165, 24, 0
126, 70, 276, 95
104, 70, 298, 95
126, 70, 276, 95
126, 70, 276, 95
126, 70, 276, 95
378, 165, 24, 0
23, 0, 379, 165
355, 165, 47, 0
92, 0, 310, 165
263, 165, 139, 0
378, 165, 24, 0
126, 70, 276, 95
126, 70, 276, 95
126, 70, 276, 95
126, 70, 276, 95
126, 70, 276, 95
126, 70, 276, 95
378, 165, 24, 0
115, 0, 287, 165
378, 165, 24, 0
4, 165, 398, 0
378, 165, 24, 0
378, 165, 24, 0
378, 165, 24, 0
378, 165, 24, 0
372, 0, 30, 165
378, 165, 24, 0
378, 165, 24, 0
126, 70, 276, 95
126, 70, 276, 95
252, 95, 150, 70
1, 0, 401, 165
1, 0, 401, 165
1, 0, 401, 165
251, 95, 151, 70
92, 0, 310, 165
92, 0, 310, 165
92, 0, 310, 165
92, 0, 310, 165
92, 0, 310, 165
92, 0, 310, 165
159, 95, 243, 70
159, 95, 243, 70
159, 95, 243, 70
4, 95, 398, 70
159, 95, 243, 70
159, 95, 243, 70
378, 165, 24, 0
113, 0, 289, 165
113, 0, 289, 165
113, 0, 289, 165
113, 0, 289, 165
113, 0, 289, 165
113, 0, 289, 165
113, 0, 289, 165
378, 165, 24, 0
378, 165, 24, 0
378, 165, 24, 0
92, 0, 310, 165
286, 165, 116, 0
286, 165, 116, 0
49, 32, 353, 133
49, 32, 353, 133
49, 32, 353, 133
49, 32, 353, 133
286, 165, 116, 0
4, 165, 398, 0
4, 165, 398, 0
378, 165, 24, 0
263, 165, 139, 0
263, 165, 139, 0
263, 165, 139, 0
263, 165, 139, 0
263, 165, 139, 0
263, 165, 139, 0
4, 165, 398, 0
4, 165, 398, 0
4, 165, 398, 0
4, 165, 398, 0
4, 165, 398, 0
4, 165, 398, 0
4, 165, 398, 0
4, 165, 398, 0
4, 165, 398, 0
4, 165, 398, 0
4, 165, 398, 0
4, 165, 398, 0
4, 3, 398, 162
4, 165, 398, 0
4, 165, 398, 0
4, 165, 398, 0
4, 165, 398, 0
1, 32, 401, 133
4, 165, 398, 0
4, 165, 398, 0
4, 3, 398, 162
4, 3, 398, 162
4, 3, 398, 162
4, 3, 398, 162
4, 165, 398, 0
4, 165, 398, 0
259, 0, 143, 165
259, 0, 143, 165
259, 0, 143, 165
259, 0, 143, 165
263, 165, 139, 0
263, 165, 139, 0
4, 165, 398, 0
263, 165, 139, 0
263, 165, 139, 0
263, 165, 139, 0
263, 165, 139, 0
6, 0, 396, 165
263, 165, 139, 0
263, 165, 139, 0
4, 165, 398, 0
263, 165, 139, 0
263, 165, 139, 0
159, 95, 243, 70
263, 165, 139, 0
121, 93, 281, 72
10, 3, 392, 162
121, 93, 281, 72
121, 93, 281, 72
121, 93, 281, 72
10, 3, 392, 162
121, 93, 281, 72
121, 93, 281, 72
263, 165, 139, 0
263, 165, 139, 0
263, 165, 139, 0
263, 165, 139, 0
263, 165, 139, 0
263, 165, 139, 0
263, 165, 139, 0
263, 165, 139, 0
263, 165, 139, 0
209, 131, 193, 34
209, 131, 193, 34
263, 165, 139, 0
263, 165, 139, 0
263, 165, 139, 0
209, 131, 193, 34
209, 131, 193, 34
263, 165, 139, 0
263, 165, 139, 0
263, 165, 139, 0
263, 165, 139, 0
263, 165, 139, 0
263, 165, 139, 0
263, 165, 139, 0
263, 165, 139, 0
263, 165, 139, 0
263, 165, 139, 0
263, 165, 139, 0
263, 165, 139, 0
263, 165, 139, 0
263, 165, 139, 0
136, 91, 266, 74
263, 165, 139, 0
263, 165, 139, 0
263, 165, 139, 0
378, 165, 24, 0
378, 165, 24, 0
378, 165, 24, 0
378, 165, 24, 0
378, 165, 24, 0
378, 165, 24, 0
378, 165, 24, 0
378, 165, 24, 0
378, 165, 24, 0
378, 165, 24, 0
378, 165, 24, 0
378, 165, 24, 0
378, 165, 24, 0
378, 165, 24, 0
6, 161, 396, 4
6, 161, 396, 4
372, 4, 30, 161
378, 165, 24, 0
378, 165, 24, 0
2, 160, 400, 5
2, 160, 400, 5
2, 160, 400, 5
2, 160, 400, 5
2, 160, 400, 5
378, 165, 24, 0
378, 165, 24, 0
378, 165, 24, 0
378, 165, 24, 0
92, 0, 310, 165
92, 0, 310, 165
92, 0, 310, 165
92, 0, 310, 165
92, 0, 310, 165
92, 0, 310, 165
92, 0, 310, 165
40, 0, 362, 165
52, 0, 350, 165
92, 0, 310, 165
92, 0, 310, 165
92, 0, 310, 165
378, 165, 24, 0
92, 0, 310, 165
286, 165, 116, 0
23, 0, 379, 165
263, 165, 139, 0
378, 165, 24, 0
372, 0, 30, 165
372, 0, 30, 165
372, 0, 30, 165
378, 165, 24, 0
126, 70, 276, 95
126, 70, 276, 95
126, 70, 276, 95
0, 0, 402, 165
126, 70, 276, 95
126, 70, 276, 95
378, 165, 24, 0
170, 82, 232, 83
170, 82, 232, 83
170, 82, 232, 83
170, 82, 232, 83
169, 82, 233, 83
170, 82, 232, 83
378, 165, 24, 0
4, 165, 398, 0
4, 165, 398, 0
4, 165, 398, 0
4, 165, 398, 0
4, 165, 398, 0
1, 32, 401, 133
1, 32, 401, 133
1, 32, 401, 133
1, 32, 401, 133
1, 32, 401, 133
1, 32, 401, 133
4, 165, 398, 0
4, 165, 398, 0
4, 165, 398, 0
4, 165, 398, 0
4, 165, 398, 0
1, 32, 401, 133
1, 32, 401, 133
1, 32, 401, 133
4, 165, 398, 0
4, 165, 398, 0
4, 165, 398, 0
374, 0, 28, 165
374, 0, 28, 165
374, 0, 28, 165
374, 0, 28, 165
378, 165, 24, 0
6, 161, 396, 4
6, 161, 396, 4
6, 161, 396, 4
6, 161, 396, 4
6, 161, 396, 4
372, 4, 30, 161
372, 4, 30, 161
378, 165, 24, 0
378, 165, 24, 0
2, 160, 400, 5
2, 160, 400, 5
2, 160, 400, 5
2, 160, 400, 5
2, 160, 400, 5
376, 5, 26, 160
378, 165, 24, 0
378, 165, 24, 0
378, 165, 24, 0
378, 165, 24, 0
238, 2, 164, 163
238, 2, 164, 163
140, 163, 262, 2
140, 163, 262, 2
140, 163, 262, 2
140, 163, 262, 2
140, 163, 262, 2
140, 163, 262, 2
140, 163, 262, 2
140, 163, 262, 2
140, 163, 262, 2
378, 165, 24, 0
378, 165, 24, 0
378, 165, 24, 0
378, 165, 24, 0
378, 165, 24, 0
6, 161, 396, 4
6, 161, 396, 4
6, 161, 396, 4
6, 161, 396, 4
6, 161, 396, 4
6, 161, 396, 4
6, 161, 396, 4
6, 161, 396, 4
378, 165, 24, 0
378, 165, 24, 0
378, 165, 24, 0
378, 165, 24, 0
378, 165, 24, 0
378, 165, 24, 0
378, 165, 24, 0
378, 165, 24, 0
378, 165, 24, 0
2, 160, 400, 5
2, 160, 400, 5
2, 160, 400, 5
2, 160, 400, 5
2, 160, 400, 5
2, 160, 400, 5
2, 160, 400, 5
2, 160, 400, 5
2, 160, 400, 5
2, 160, 400, 5
2, 160, 400, 5
2, 160, 400, 5
2, 160, 400, 5
378, 165, 24, 0
378, 165, 24, 0
170, 82, 232, 83
170, 82, 232, 83
170, 82, 232, 83
170, 82, 232, 83
170, 82, 232, 83
170, 82, 232, 83
170, 82, 232, 83
170, 82, 232, 83
170, 82, 232, 83
170, 82, 232, 83
170, 82, 232, 83
170, 82, 232, 83
170, 82, 232, 83
170, 82, 232, 83
170, 82, 232, 83
170, 82, 232, 83
170, 82, 232, 83
170, 82, 232, 83
170, 82, 232, 83
170, 82, 232, 83
170, 82, 232, 83
170, 82, 232, 83
170, 82, 232, 83
170, 82, 232, 83
170, 82, 232, 83
170, 82, 232, 83
170, 82, 232, 83
170, 82, 232, 83
170, 82, 232, 83
170, 82, 232, 83
170, 82, 232, 83
378, 165, 24, 0
378, 165, 24, 0
378, 165, 24, 0
378, 165, 24, 0
378, 165, 24, 0
378, 165, 24, 0
373, 164, 29, 1
373, 164, 29, 1
373, 164, 29, 1
378, 165, 24, 0
373, 164, 29, 1
373, 164, 29, 1
373, 164, 29, 1
378, 165, 24, 0
378, 165, 24, 0
378, 165, 24, 0
115, 0, 287, 165
263, 165, 139, 0
1, 0, 401, 165
1, 0, 401, 165
262, 165, 140, 0
378, 165, 24, 0
378, 165, 24, 0
378, 165, 24, 0
67, 32, 335, 133
378, 165, 24, 0
378, 165, 24, 0
378, 165, 24, 0
378, 165, 24, 0
378, 165, 24, 0
378, 165, 24, 0
378, 165, 24, 0
378, 165, 24, 0
378, 165, 24, 0
2, 160, 400, 5
2, 160, 400, 5
2, 160, 400, 5
2, 160, 400, 5
378, 165, 24, 0
378, 165, 24, 0
378, 165, 24, 0
77, 35, 325, 130
378, 165, 24, 0
387, 165, 15, 0
387, 165, 15, 0
387, 165, 15, 0
4, 1, 398, 164
4, 1, 398, 164
387, 165, 15, 0
387, 165, 15, 0
387, 165, 15, 0
402, 165, 0, 0
402, 165, 0, 0
0, 0, 402, 165
402, 165, 0, 0
402, 165, 0, 0
0, 0, 402, 165
402, 165, 0, 0
4, 1, 398, 164
4, 1, 398, 164
4, 1, 398, 164
0, 0, 402, 165
4, 1, 398, 164
4, 1, 398, 164
3, 4, 399, 161
3, 4, 399, 161
3, 4, 399, 161
0, 0, 402, 165
3, 4, 399, 161
3, 4, 399, 161
378, 165, 24, 0
378, 165, 24, 0
378, 165, 24, 0
378, 165, 24, 0
378, 165, 24, 0
378, 165, 24, 0
378, 165, 24, 0
378, 165, 24, 0
383, 165, 19, 0
383, 165, 19, 0
0, 0, 402, 165
383, 165, 19, 0
1, 0, 401, 165
382, 165, 20, 0
4, 0, 398, 165
4, 0, 398, 165
387, 165, 15, 0
387, 165, 15, 0
387, 165, 15, 0
387, 165, 15, 0
0, 0, 402, 165
387, 165, 15, 0
387, 165, 15, 0
299, 128, 103, 37
299, 128, 103, 37
299, 128, 103, 37
299, 128, 103, 37
299, 128, 103, 37
220, 97, 182, 68
220, 97, 182, 68
220, 97, 182, 68
220, 97, 182, 68
220, 97, 182, 68
220, 97, 182, 68
220, 97, 182, 68
3, 1, 399, 164
219, 97, 183, 68
217, 97, 185, 68
0, 0, 402, 165
0, 0, 402, 165
218, 97, 184, 68
218, 97, 184, 68
218, 97, 184, 68
220, 97, 182, 68
378, 165, 24, 0
378, 165, 24, 0
373, 165, 29, 0
378, 165, 24, 0
378, 165, 24, 0
378, 165, 24, 0
378, 165, 24, 0
373, 165, 29, 0
373, 165, 29, 0
373, 165, 29, 0
368, 165, 34, 0
368, 165, 34, 0
373, 165, 29, 0
373, 165, 29, 0
15, 0, 387, 165
15, 0, 387, 165
15, 0, 387, 165
0, 0, 402, 165
0, 0, 402, 165
0, 0, 402, 165
0, 0, 402, 165
1, 0, 401, 165
1, 0, 401, 165
1, 0, 401, 165
0, 0, 402, 165
3, 0, 399, 165
3, 0, 399, 165
3, 0, 399, 165
0, 0, 402, 165
1, 0, 401, 165
1, 0, 401, 165
1, 0, 401, 165
1, 0, 401, 165
1, 0, 401, 165
1, 0, 401, 165
1, 0, 401, 165
1, 0, 401, 165
1, 0, 401, 165
387, 165, 15, 0
387, 165, 15, 0
384, 165, 18, 0
384, 165, 18, 0
375, 165, 27, 0
384, 165, 18, 0
387, 165, 15, 0
387, 165, 15, 0
387, 165, 15, 0
387, 165, 15, 0
387, 165, 15, 0
387, 165, 15, 0
387, 165, 15, 0
387, 165, 15, 0
387, 165, 15, 0
387, 165, 15, 0
387, 165, 15, 0
387, 165, 15, 0
23, 0, 379, 165
23, 0, 379, 165
23, 0, 379, 165
23, 0, 379, 165
23, 0, 379, 165
23, 0, 379, 165
23, 0, 379, 165
23, 0, 379, 165
23, 0, 379, 165
23, 0, 379, 165
351, 165, 51, 0
351, 165, 51, 0
321, 165, 81, 0
321, 165, 81, 0
351, 165, 51, 0
351, 165, 51, 0
346, 165, 56, 0
351, 165, 51, 0
351, 165, 51, 0
351, 165, 51, 0
66, 33, 336, 132
66, 33, 336, 132
66, 33, 336, 132
66, 33, 336, 132
157, 67, 245, 98
157, 67, 245, 98
1, 0, 401, 165
1, 0, 401, 165
151, 67, 251, 98
1, 0, 401, 165
85, 34, 317, 131
3, 1, 399, 164
1, 0, 401, 165
4, 1, 398, 164
4, 1, 398, 164
4, 1, 398, 164
4, 1, 398, 164
4, 1, 398, 164
4, 1, 398, 164
4, 1, 398, 164
4, 1, 398, 164
1, 0, 401, 165
1, 0, 401, 165
1, 0, 401, 165
1, 0, 401, 165
1, 0, 401, 165
1, 0, 401, 165
1, 0, 401, 165
1, 0, 401, 165
68, 32, 334, 133
4, 1, 398, 164
4, 1, 398, 164
4, 1, 398, 164
13, 3, 389, 162
13, 3, 389, 162
13, 3, 389, 162
11, 3, 391, 162
11, 3, 391, 162
12, 3, 390, 162
11, 3, 391, 162
12, 3, 390, 162
11, 3, 391, 162
12, 3, 390, 162
13, 3, 389, 162
13, 3, 389, 162
11, 3, 391, 162
11, 3, 391, 162
11, 3, 391, 162
11, 3, 391, 162
11, 3, 391, 162
26, 7, 376, 158
26, 7, 376, 158
0, 0, 402, 165
26, 7, 376, 158
26, 7, 376, 158
0, 0, 402, 165
26, 7, 376, 158
387, 165, 15, 0
387, 165, 15, 0
387, 165, 15, 0
387, 165, 15, 0
387, 165, 15, 0
385, 165, 17, 0
385, 165, 17, 0
385, 165, 17, 0
385, 165, 17, 0
385, 165, 17, 0
385, 165, 17, 0
385, 165, 17, 0
385, 165, 17, 0
0, 0, 402, 165
387, 165, 15, 0
387, 165, 15, 0
2, 0, 400, 165
385, 165, 17, 0
92, 0, 310, 165
92, 0, 310, 165
92, 0, 310, 165
92, 0, 310, 165
92, 0, 310, 165
92, 0, 310, 165
84, 0, 318, 165
92, 0, 310, 165
92, 0, 310, 165
0, 0, 402, 165
0, 0, 402, 165
0, 0, 402, 165
0, 0, 402, 165
0, 0, 402, 165
378, 165, 24, 0
378, 165, 24, 0
378, 165, 24, 0
378, 165, 24, 0
378, 165, 24, 0
378, 165, 24, 0
386, 165, 16, 0
386, 165, 16, 0
297, 133, 105, 32
386, 165, 16, 0
386, 165, 16, 0
386, 165, 16, 0
386, 165, 16, 0
66, 33, 336, 132
66, 33, 336, 132
66, 33, 336, 132
66, 32, 336, 133
66, 33, 336, 132
11, 3, 391, 162
11, 3, 391, 162
11, 3, 391, 162
11, 3, 391, 162
11, 3, 391, 162
11, 3, 391, 162
11, 3, 391, 162
11, 3, 391, 162
11, 3, 391, 162
11, 3, 391, 162
11, 3, 391, 162
11, 3, 391, 162
11, 3, 391, 162
11, 3, 391, 162
66, 33, 336, 132
66, 33, 336, 132
66, 33, 336, 132
66, 33, 336, 132
66, 33, 336, 132
66, 33, 336, 132
0, 0, 402, 165
0, 0, 402, 165
0, 0, 402, 165
66, 33, 336, 132
66, 33, 336, 132
0, 0, 402, 165
66, 33, 336, 132
66, 33, 336, 132
66, 33, 336, 132
66, 33, 336, 132
66, 33, 336, 132
66, 33, 336, 132
386, 165, 16, 0
386, 165, 16, 0
386, 165, 16, 0
386, 165, 16, 0
1, 4, 401, 161
386, 165, 16, 0
386, 165, 16, 0
386, 165, 16, 0
1, 32, 401, 133
1, 32, 401, 133
1, 0, 401, 165
1, 32, 401, 133
386, 165, 16, 0
386, 165, 16, 0
69, 1, 333, 164
69, 1, 333, 164
69, 1, 333, 164
69, 1, 333, 164
65, 1, 337, 164
65, 1, 337, 164
69, 1, 333, 164
69, 1, 333, 164
69, 1, 333, 164
386, 165, 16, 0
386, 165, 16, 0
386, 165, 16, 0
386, 165, 16, 0
386, 165, 16, 0
386, 165, 16, 0
0, 0, 402, 165
386, 165, 16, 0
0, 0, 402, 165
386, 165, 16, 0
386, 165, 16, 0
386, 165, 16, 0
386, 165, 16, 0
386, 165, 16, 0
66, 33, 336, 132
66, 33, 336, 132
0, 0, 402, 165
66, 33, 336, 132
66, 33, 336, 132
0, 0, 402, 165
0, 0, 402, 165
0, 0, 402, 165
0, 0, 402, 165
66, 33, 336, 132
0, 0, 402, 165
386, 165, 16, 0
386, 165, 16, 0
0, 0, 402, 165
386, 165, 16, 0
0, 0, 402, 165
386, 165, 16, 0
386, 165, 16, 0
386, 165, 16, 0
386, 165, 16, 0
278, 128, 124, 37
278, 128, 124, 37
278, 129, 124, 36
278, 129, 124, 36
278, 128, 124, 37
278, 128, 124, 37
278, 129, 124, 36
278, 129, 124, 36
278, 129, 124, 36
278, 129, 124, 36
212, 98, 190, 67
212, 98, 190, 67
0, 0, 402, 165
212, 98, 190, 67
0, 0, 402, 165
212, 98, 190, 67
212, 98, 190, 67
212, 98, 190, 67
212, 98, 190, 67
78, 33, 324, 132
78, 33, 324, 132
212, 98, 190, 67
67, 32, 335, 133
67, 32, 335, 133
145, 67, 257, 98
145, 67, 257, 98
145, 67, 257, 98
145, 67, 257, 98
212, 98, 190, 67
212, 98, 190, 67
295, 129, 107, 36
295, 129, 107, 36
0, 0, 402, 165
0, 0, 402, 165
295, 129, 107, 36
295, 129, 107, 36
295, 129, 107, 36
66, 33, 336, 132
66, 33, 336, 132
66, 33, 336, 132
66, 32, 336, 133
66, 32, 336, 133
66, 33, 336, 132
66, 33, 336, 132
66, 33, 336, 132
66, 33, 336, 132
66, 33, 336, 132
66, 33, 336, 132
387, 165, 15, 0
387, 165, 15, 0
0, 1, 402, 164
0, 0, 402, 165
0, 1, 402, 164
0, 1, 402, 164
0, 1, 402, 164
0, 1, 402, 164
0, 1, 402, 164
0, 1, 402, 164
0, 1, 402, 164
0, 1, 402, 164
0, 1, 402, 164
0, 1, 402, 164
387, 165, 15, 0
387, 165, 15, 0
387, 165, 15, 0
387, 165, 15, 0
387, 165, 15, 0
387, 165, 15, 0
387, 165, 15, 0
387, 165, 15, 0
387, 165, 15, 0
387, 165, 15, 0
387, 165, 15, 0
387, 165, 15, 0
377, 165, 25, 0
376, 165, 26, 0
198, 95, 204, 70
387, 165, 15, 0
386, 165, 16, 0
386, 165, 16, 0
386, 165, 16, 0
386, 165, 16, 0
0, 0, 402, 165
386, 165, 16, 0
386, 165, 16, 0
386, 165, 16, 0
387, 165, 15, 0
387, 165, 15, 0
2, 1, 400, 164
2, 1, 400, 164
2, 1, 400, 164
2, 1, 400, 164
2, 1, 400, 164
387, 165, 15, 0
0, 0, 402, 165
387, 165, 15, 0
387, 165, 15, 0
387, 165, 15, 0
387, 165, 15, 0
387, 165, 15, 0
387, 165, 15, 0
387, 165, 15, 0
5, 1, 397, 164
1, 0, 401, 165
4, 1, 398, 164
387, 165, 15, 0
387, 165, 15, 0
0, 0, 402, 165
387, 165, 15, 0
4, 1, 398, 164
4, 1, 398, 164
387, 165, 15, 0
387, 165, 15, 0
387, 165, 15, 0
387, 165, 15, 0
387, 165, 15, 0
387, 165, 15, 0
387, 165, 15, 0
299, 128, 103, 37
299, 128, 103, 37
299, 128, 103, 37
299, 128, 103, 37
299, 128, 103, 37
303, 128, 99, 37
303, 128, 99, 37
303, 128, 99, 37
94, 34, 308, 131
90, 34, 312, 131
4, 1, 398, 164
299, 128, 103, 37
387, 165, 15, 0
387, 165, 15, 0
387, 165, 15, 0
387, 165, 15, 0
387, 165, 15, 0
387, 165, 15, 0
387, 165, 15, 0
83, 34, 319, 131
83, 34, 319, 131
1, 0, 401, 165
83, 34, 319, 131
83, 34, 319, 131
83, 34, 319, 131
0, 0, 402, 165
0, 0, 402, 165
0, 0, 402, 165
0, 0, 402, 165
0, 0, 402, 165
0, 0, 402, 165
0, 0, 402, 165
0, 0, 402, 165
0, 0, 402, 165
0, 0, 402, 165
387, 165, 15, 0
387, 165, 15, 0
387, 165, 15, 0
0, 0, 402, 165
387, 165, 15, 0
387, 165, 15, 0
0, 0, 402, 165
387, 165, 15, 0
387, 165, 15, 0
387, 165, 15, 0
387, 165, 15, 0
387, 165, 15, 0
5, 1, 397, 164
5, 1, 397, 164
263, 165, 139, 0
263, 165, 139, 0
263, 165, 139, 0
263, 165, 139, 0
263, 165, 139, 0
263, 165, 139, 0
263, 165, 139, 0
263, 165, 139, 0
210, 131, 192, 34
210, 131, 192, 34
209, 131, 193, 34
209, 131, 193, 34
209, 131, 193, 34
119, 71, 283, 94
119, 71, 283, 94
119, 71, 283, 94
119, 71, 283, 94
263, 165, 139, 0
263, 165, 139, 0
166, 106, 236, 59
166, 106, 236, 59
1, 2, 401, 163
1, 2, 401, 163
1, 2, 401, 163
263, 165, 139, 0
263, 165, 139, 0
209, 131, 193, 34
119, 71, 283, 94
119, 71, 283, 94
263, 165, 139, 0
263, 165, 139, 0
61, 41, 341, 124
263, 165, 139, 0
263, 165, 139, 0
263, 165, 139, 0
263, 165, 139, 0
263, 165, 139, 0
263, 165, 139, 0
121, 93, 281, 72
142, 72, 260, 93
263, 165, 139, 0
0, 0, 402, 165
263, 165, 139, 0
209, 131, 193, 34
209, 131, 193, 34
209, 131, 193, 34
209, 131, 193, 34
98, 75, 304, 90
98, 75, 304, 90
98, 75, 304, 90
98, 75, 304, 90
111, 56, 291, 109
111, 56, 291, 109
111, 56, 291, 109
209, 131, 193, 34
263, 165, 139, 0
22, 7, 380, 158
22, 7, 380, 158
22, 7, 380, 158
22, 7, 380, 158
22, 7, 380, 158
22, 7, 380, 158
22, 7, 380, 158
22, 7, 380, 158
92, 0, 310, 165
92, 0, 310, 165
92, 0, 310, 165
0, 0, 402, 165
92, 0, 310, 165
92, 0, 310, 165
92, 0, 310, 165
0, 0, 402, 165
92, 0, 310, 165
92, 0, 310, 165
92, 0, 310, 165
60, 0, 342, 165
92, 0, 310, 165
92, 0, 310, 165
10, 0, 392, 165
92, 0, 310, 165
92, 0, 310, 165
92, 0, 310, 165
92, 0, 310, 165
92, 0, 310, 165
92, 0, 310, 165
92, 0, 310, 165
92, 0, 310, 165
55, 0, 347, 165
92, 0, 310, 165
92, 0, 310, 165
55, 0, 347, 165
55, 0, 347, 165
378, 165, 24, 0
378, 165, 24, 0
378, 165, 24, 0
378, 165, 24, 0
378, 165, 24, 0
378, 165, 24, 0
121, 93, 281, 72
121, 93, 281, 72
118, 93, 284, 72
118, 93, 284, 72
121, 93, 281, 72
378, 165, 24, 0
263, 165, 139, 0
263, 165, 139, 0
263, 165, 139, 0
263, 165, 139, 0
12, 6, 390, 159
263, 165, 139, 0
263, 165, 139, 0
263, 165, 139, 0
263, 165, 139, 0
263, 165, 139, 0
263, 165, 139, 0
263, 165, 139, 0
263, 165, 139, 0
263, 165, 139, 0
263, 165, 139, 0
263, 165, 139, 0
263, 165, 139, 0
263, 165, 139, 0
263, 165, 139, 0
263, 165, 139, 0
127, 77, 275, 88
263, 165, 139, 0
263, 165, 139, 0
263, 165, 139, 0
263, 165, 139, 0
263, 165, 139, 0
263, 165, 139, 0
256, 165, 146, 0
256, 165, 146, 0
258, 165, 144, 0
258, 165, 144, 0
258, 165, 144, 0
258, 165, 144, 0
116, 75, 286, 90
116, 75, 286, 90
84, 56, 318, 109
116, 75, 286, 90
0, 0, 402, 165
116, 75, 286, 90
116, 75, 286, 90
90, 61, 312, 104
90, 61, 312, 104
90, 61, 312, 104
90, 61, 312, 104
0, 1, 402, 164
90, 61, 312, 104
234, 141, 168, 24
258, 165, 144, 0
258, 165, 144, 0
258, 165, 144, 0
0, 1, 402, 164
258, 165, 144, 0
258, 165, 144, 0
258, 165, 144, 0
258, 165, 144, 0
258, 165, 144, 0
258, 165, 144, 0
258, 165, 144, 0
258, 165, 144, 0
122, 75, 280, 90
258, 165, 144, 0
263, 165, 139, 0
263, 165, 139, 0
133, 90, 269, 75
263, 165, 139, 0
173, 109, 229, 56
0, 0, 402, 165
263, 165, 139, 0
263, 165, 139, 0
263, 165, 139, 0
263, 165, 139, 0
263, 165, 139, 0
198, 121, 204, 44
198, 121, 204, 44
0, 0, 402, 165
263, 165, 139, 0
263, 165, 139, 0
263, 165, 139, 0
0, 0, 402, 165
0, 0, 402, 165
0, 0, 402, 165
263, 165, 139, 0
263, 165, 139, 0
263, 165, 139, 0
143, 92, 259, 73
263, 165, 139, 0
263, 165, 139, 0
263, 165, 139, 0
263, 165, 139, 0
263, 165, 139, 0
263, 165, 139, 0
263, 165, 139, 0
209, 131, 193, 34
209, 131, 193, 34
209, 131, 193, 34
209, 131, 193, 34
209, 131, 193, 34
0, 0, 402, 165
0, 0, 402, 165
0, 0, 402, 165
209, 131, 193, 34
209, 131, 193, 34
195, 130, 207, 35
209, 131, 193, 34
209, 131, 193, 34
209, 131, 193, 34
98, 75, 304, 90
209, 131, 193, 34
209, 131, 193, 34
209, 131, 193, 34
209, 131, 193, 34
263, 165, 139, 0
263, 165, 139, 0
93, 59, 309, 106
35, 23, 367, 142
93, 59, 309, 106
93, 59, 309, 106
85, 54, 317, 111
93, 59, 309, 106
93, 59, 309, 106
93, 59, 309, 106
93, 59, 309, 106
263, 165, 139, 0
92, 0, 310, 165
92, 0, 310, 165
92, 0, 310, 165
92, 0, 310, 165
92, 0, 310, 165
92, 0, 310, 165
92, 0, 310, 165
92, 0, 310, 165
92, 0, 310, 165
92, 0, 310, 165
92, 0, 310, 165
92, 0, 310, 165
92, 0, 310, 165
263, 165, 139, 0
263, 165, 139, 0
0, 0, 402, 165
263, 165, 139, 0
263, 165, 139, 0
263, 165, 139, 0
263, 165, 139, 0
263, 165, 139, 0
263, 165, 139, 0
263, 165, 139, 0
263, 165, 139, 0
263, 165, 139, 0
263, 165, 139, 0
263, 165, 139, 0
263, 165, 139, 0
263, 165, 139, 0
230, 148, 172, 17
230, 148, 172, 17
263, 165, 139, 0
387, 165, 15, 0
387, 165, 15, 0
0, 0, 402, 165
387, 165, 15, 0
387, 165, 15, 0
386, 165, 16, 0
386, 165, 16, 0
0, 0, 402, 165
0, 0, 402, 165
0, 0, 402, 165
386, 165, 16, 0
387, 165, 15, 0
15, 3, 387, 162
15, 3, 387, 162
15, 3, 387, 162
15, 3, 387, 162
13, 3, 389, 162
13, 3, 389, 162
14, 3, 388, 162
14, 3, 388, 162
14, 3, 388, 162
14, 3, 388, 162
1, 0, 401, 165
1, 0, 401, 165
1, 1, 401, 164
1, 1, 401, 164
1, 1, 401, 164
1, 1, 401, 164
15, 3, 387, 162
15, 3, 387, 162
15, 3, 387, 162
15, 3, 387, 162
1, 1, 401, 164
1, 1, 401, 164
15, 3, 387, 162
7, 1, 395, 164
7, 1, 395, 164
15, 3, 387, 162
9, 2, 393, 163
14, 3, 388, 162
15, 3, 387, 162
1, 1, 401, 164
1, 1, 401, 164
5, 1, 397, 164
5, 1, 397, 164
1, 1, 401, 164
1, 1, 401, 164
14, 3, 388, 162
14, 3, 388, 162
0, 0, 402, 165
387, 165, 15, 0
387, 165, 15, 0
387, 165, 15, 0
387, 165, 15, 0
387, 165, 15, 0
387, 165, 15, 0
387, 165, 15, 0
387, 165, 15, 0
387, 165, 15, 0
387, 165, 15, 0
387, 165, 15, 0
387, 165, 15, 0
387, 165, 15, 0
387, 165, 15, 0
387, 165, 15, 0
387, 165, 15, 0
0, 0, 402, 165
0, 0, 402, 165
0, 0, 402, 165
0, 0, 402, 165
0, 0, 402, 165
0, 0, 402, 165
0, 0, 402, 165
0, 0, 402, 165
0, 0, 402, 165
0, 0, 402, 165
0, 0, 402, 165
0, 0, 402, 165
0, 0, 402, 165
0, 0, 402, 165
0, 0, 402, 165
0, 0, 402, 165
0, 0, 402, 165
0, 0, 402, 165
0, 0, 402, 165
0, 0, 402, 165
387, 165, 15, 0
387, 165, 15, 0
387, 165, 15, 0
387, 165, 15, 0
387, 165, 15, 0
387, 165, 15, 0
387, 165, 15, 0
386, 165, 16, 0
386, 165, 16, 0
387, 165, 15, 0
387, 165, 15, 0
387, 165, 15, 0
387, 165, 15, 0
387, 165, 15, 0
387, 165, 15, 0
0, 0, 402, 165
387, 165, 15, 0
387, 165, 15, 0
387, 165, 15, 0
0, 0, 402, 165
387, 165, 15, 0
386, 165, 16, 0
387, 165, 15, 0
387, 165, 15, 0
387, 165, 15, 0
387, 165, 15, 0
387, 165, 15, 0
387, 165, 15, 0
387, 165, 15, 0
387, 165, 15, 0
387, 165, 15, 0
3, 0, 399, 165
387, 165, 15, 0
387, 165, 15, 0
387, 165, 15, 0
387, 165, 15, 0
387, 165, 15, 0
386, 165, 16, 0
386, 165, 16, 0
386, 165, 16, 0
386, 165, 16, 0
386, 165, 16, 0
386, 165, 16, 0
386, 165, 16, 0
386, 165, 16, 0
3, 0, 399, 165
383, 165, 19, 0
386, 165, 16, 0
386, 165, 16, 0
387, 165, 15, 0
387, 165, 15, 0
387, 165, 15, 0
0, 0, 402, 165
0, 0, 402, 165
387, 165, 15, 0
387, 165, 15, 0
387, 165, 15, 0
387, 165, 15, 0
1, 0, 401, 165
1, 0, 401, 165
6, 1, 396, 164
6, 1, 396, 164
0, 0, 402, 165
0, 0, 402, 165
6, 1, 396, 164
6, 1, 396, 164
0, 0, 402, 165
0, 0, 402, 165
387, 165, 15, 0
387, 165, 15, 0
387, 165, 15, 0
387, 165, 15, 0
387, 165, 15, 0
387, 165, 15, 0
0, 0, 402, 165
0, 0, 402, 165
0, 0, 402, 165
0, 0, 402, 165
0, 0, 402, 165
0, 0, 402, 165
0, 0, 402, 165
0, 0, 402, 165
0, 0, 402, 165
2, 1, 400, 164
2, 1, 400, 164
2, 1, 400, 164
2, 1, 400, 164
2, 1, 400, 164
67, 32, 335, 133
67, 32, 335, 133
67, 32, 335, 133
67, 32, 335, 133
67, 32, 335, 133
67, 32, 335, 133
67, 32, 335, 133
67, 32, 335, 133
0, 0, 402, 165
67, 32, 335, 133
381, 165, 21, 0
381, 165, 21, 0
381, 165, 21, 0
381, 165, 21, 0
381, 165, 21, 0
381, 165, 21, 0
3, 1, 399, 164
3, 1, 399, 164
5, 1, 397, 164
5, 1, 397, 164
5, 1, 397, 164
5, 1, 397, 164
5, 1, 397, 164
0, 0, 402, 165
5, 1, 397, 164
5, 1, 397, 164
3, 0, 399, 165
3, 0, 399, 165
1, 1, 401, 164
1, 1, 401, 164
1, 1, 401, 164
1, 1, 401, 164
5, 1, 397, 164
5, 1, 397, 164
0, 0, 402, 165
0, 0, 402, 165
5, 1, 397, 164
0, 0, 402, 165
5, 1, 397, 164
0, 0, 402, 165
5, 1, 397, 164
5, 1, 397, 164
66, 33, 336, 132
65, 32, 337, 133
66, 33, 336, 132
66, 33, 336, 132
66, 33, 336, 132
1, 1, 401, 164
0, 0, 402, 165
1, 1, 401, 164
1, 1, 401, 164
66, 33, 336, 132
1, 32, 401, 133
1, 32, 401, 133
65, 1, 337, 164
66, 33, 336, 132
66, 33, 336, 132
0, 0, 402, 165
0, 0, 402, 165
69, 32, 333, 133
69, 32, 333, 133
69, 32, 333, 133
69, 32, 333, 133
69, 32, 333, 133
69, 32, 333, 133
0, 0, 402, 165
0, 0, 402, 165
69, 32, 333, 133
0, 0, 402, 165
0, 0, 402, 165
69, 32, 333, 133
0, 31, 402, 134
0, 31, 402, 134
69, 32, 333, 133
69, 32, 333, 133
69, 32, 333, 133
69, 32, 333, 133
382, 165, 20, 0
382, 165, 20, 0
0, 0, 402, 165
0, 0, 402, 165
0, 0, 402, 165
382, 165, 20, 0
212, 98, 190, 67
212, 98, 190, 67
212, 98, 190, 67
382, 165, 20, 0
382, 165, 20, 0
67, 33, 335, 132
0, 0, 402, 165
67, 33, 335, 132
67, 33, 335, 132
2, 1, 400, 164
65, 32, 337, 133
67, 33, 335, 132
67, 33, 335, 132
67, 33, 335, 132
67, 33, 335, 132
361, 165, 41, 0
361, 165, 41, 0
382, 165, 20, 0
382, 165, 20, 0
278, 128, 124, 37
278, 128, 124, 37
278, 128, 124, 37
162, 65, 240, 100
162, 65, 240, 100
162, 65, 240, 100
1, 2, 401, 163
1, 2, 401, 163
1, 2, 401, 163
66, 33, 336, 132
66, 33, 336, 132
0, 0, 402, 165
0, 0, 402, 165
66, 33, 336, 132
0, 0, 402, 165
0, 0, 402, 165
0, 0, 402, 165
0, 0, 402, 165
66, 33, 336, 132
66, 33, 336, 132
66, 32, 336, 133
66, 32, 336, 133
0, 0, 402, 165
0, 0, 402, 165
66, 32, 336, 133
66, 32, 336, 133
66, 32, 336, 133
66, 32, 336, 133
0, 0, 402, 165
0, 0, 402, 165
66, 32, 336, 133
66, 32, 336, 133
144, 66, 258, 99
144, 66, 258, 99
144, 66, 258, 99
144, 66, 258, 99
144, 66, 258, 99
77, 38, 325, 127
144, 66, 258, 99
144, 66, 258, 99
144, 66, 258, 99
144, 66, 258, 99
299, 128, 103, 37
220, 97, 182, 68
299, 128, 103, 37
160, 72, 242, 93
299, 128, 103, 37
299, 128, 103, 37
299, 128, 103, 37
82, 33, 320, 132
82, 33, 320, 132
82, 33, 320, 132
217, 95, 185, 70
217, 95, 185, 70
150, 32, 252, 133
150, 32, 252, 133
369, 165, 33, 0
369, 165, 33, 0
0, 0, 402, 165
369, 165, 33, 0
368, 165, 34, 0
296, 127, 106, 38
296, 127, 106, 38
149, 65, 253, 100
149, 65, 253, 100
149, 65, 253, 100
164, 65, 238, 100
3, 0, 399, 165
0, 0, 402, 165
3, 0, 399, 165
0, 0, 402, 165
164, 65, 238, 100
2, 0, 400, 165
164, 65, 238, 100
164, 65, 238, 100
164, 65, 238, 100
164, 65, 238, 100
164, 65, 238, 100
164, 65, 238, 100
285, 127, 117, 38
0, 0, 402, 165
285, 127, 117, 38
285, 127, 117, 38
285, 127, 117, 38
285, 127, 117, 38
285, 127, 117, 38
299, 128, 103, 37
299, 128, 103, 37
299, 128, 103, 37
299, 128, 103, 37
217, 95, 185, 70
0, 0, 402, 165
217, 95, 185, 70
217, 95, 185, 70
217, 95, 185, 70
217, 95, 185, 70
387, 165, 15, 0
387, 165, 15, 0
387, 165, 15, 0
387, 165, 15, 0
387, 165, 15, 0
387, 165, 15, 0
366, 165, 36, 0
387, 165, 15, 0
387, 165, 15, 0
3, 0, 399, 165
3, 0, 399, 165
3, 0, 399, 165
3, 0, 399, 165
3, 0, 399, 165
3, 0, 399, 165
2, 0, 400, 165
0, 0, 402, 165
2, 0, 400, 165
3, 0, 399, 165
3, 0, 399, 165
3, 0, 399, 165
3, 0, 399, 165
3, 0, 399, 165
3, 0, 399, 165
3, 0, 399, 165
3, 0, 399, 165
3, 0, 399, 165
3, 0, 399, 165
0, 0, 402, 165
3, 0, 399, 165
3, 0, 399, 165
3, 0, 399, 165
3, 0, 399, 165
0, 0, 402, 165
0, 0, 402, 165
0, 0, 402, 165
0, 0, 402, 165
3, 0, 399, 165
0, 0, 402, 165
3, 0, 399, 165
0, 0, 402, 165
3, 0, 399, 165
3, 0, 399, 165
3, 0, 399, 165
386, 165, 16, 0
386, 165, 16, 0
0, 0, 402, 165
0, 0, 402, 165
386, 165, 16, 0
0, 0, 402, 165
0, 0, 402, 165
0, 0, 402, 165
0, 0, 402, 165
0, 0, 402, 165
5, 1, 397, 164
5, 1, 397, 164
5, 1, 397, 164
1, 0, 401, 165
5, 1, 397, 164
5, 1, 397, 164
5, 1, 397, 164
5, 1, 397, 164
5, 1, 397, 164
5, 1, 397, 164
5, 1, 397, 164
2, 0, 400, 165
2, 0, 400, 165
2, 0, 400, 165
2, 0, 400, 165
6, 0, 396, 165
6, 0, 396, 165
6, 0, 396, 165
6, 0, 396, 165
0, 0, 402, 165
0, 0, 402, 165
0, 0, 402, 165
1, 0, 401, 165
1, 0, 401, 165
1, 0, 401, 165
1, 0, 401, 165
7, 0, 395, 165
7, 0, 395, 165
7, 0, 395, 165
8, 32, 394, 133
8, 32, 394, 133
7, 32, 395, 133
7, 32, 395, 133
8, 32, 394, 133
14, 32, 388, 133
14, 32, 388, 133
14, 32, 388, 133
3, 0, 399, 165
3, 0, 399, 165
387, 165, 15, 0
387, 165, 15, 0
387, 165, 15, 0
387, 165, 15, 0
387, 165, 15, 0
387, 165, 15, 0
0, 0, 402, 165
387, 165, 15, 0
387, 165, 15, 0
387, 165, 15, 0
0, 0, 402, 165
387, 165, 15, 0
387, 165, 15, 0
387, 165, 15, 0
387, 165, 15, 0
387, 165, 15, 0
387, 165, 15, 0
387, 165, 15, 0
387, 165, 15, 0
387, 165, 15, 0
387, 165, 15, 0
387, 165, 15, 0
387, 165, 15, 0
387, 165, 15, 0
387, 165, 15, 0
387, 165, 15, 0
387, 165, 15, 0
387, 165, 15, 0
387, 165, 15, 0
387, 165, 15, 0
387, 165, 15, 0
387, 165, 15, 0
387, 165, 15, 0
387, 165, 15, 0
387, 165, 15, 0
387, 165, 15, 0
387, 165, 15, 0
387, 165, 15, 0
387, 165, 15, 0
387, 165, 15, 0
387, 165, 15, 0
5, 2, 397, 163
5, 2, 397, 163
79, 32, 323, 133
79, 32, 323, 133
1, 0, 401, 165
6, 1, 396, 164
83, 32, 319, 133
83, 32, 319, 133
83, 32, 319, 133
83, 32, 319, 133
83, 32, 319, 133
6, 1, 396, 164
387, 165, 15, 0
387, 165, 15, 0
387, 165, 15, 0
387, 165, 15, 0
387, 165, 15, 0
387, 165, 15, 0
0, 0, 402, 165
0, 0, 402, 165
0, 0, 402, 165
0, 0, 402, 165
0, 0, 402, 165
0, 0, 402, 165
0, 0, 402, 165
0, 0, 402, 165
0, 0, 402, 165
0, 0, 402, 165
0, 0, 402, 165
0, 0, 402, 165
0, 0, 402, 165
0, 0, 402, 165
0, 0, 402, 165
0, 0, 402, 165
0, 0, 402, 165
0, 0, 402, 165
0, 0, 402, 165
0, 0, 402, 165
83, 34, 319, 131
83, 34, 319, 131
83, 34, 319, 131
83, 34, 319, 131
6, 1, 396, 164
90, 35, 312, 130
90, 35, 312, 130
6, 1, 396, 164
0, 0, 402, 165
0, 0, 402, 165
79, 32, 323, 133
79, 32, 323, 133
79, 32, 323, 133
79, 32, 323, 133
0, 0, 402, 165
0, 0, 402, 165
0, 0, 402, 165
0, 0, 402, 165
83, 32, 319, 133
83, 32, 319, 133
0, 0, 402, 165
0, 0, 402, 165
0, 0, 402, 165
0, 0, 402, 165
88, 34, 314, 131
88, 34, 314, 131
88, 34, 314, 131
88, 34, 314, 131
88, 34, 314, 131
5, 2, 397, 163
88, 34, 314, 131
83, 34, 319, 131
83, 34, 319, 131
83, 34, 319, 131
83, 34, 319, 131
0, 0, 402, 165
83, 34, 319, 131
83, 34, 319, 131
83, 34, 319, 131
83, 34, 319, 131
83, 34, 319, 131
0, 0, 402, 165
83, 34, 319, 131
83, 34, 319, 131
83, 34, 319, 131
0, 0, 402, 165
0, 0, 402, 165
0, 0, 402, 165
0, 0, 402, 165
0, 0, 402, 165
0, 0, 402, 165
0, 0, 402, 165
0, 0, 402, 165
0, 0, 402, 165
0, 0, 402, 165
0, 0, 402, 165
0, 0, 402, 165
0, 0, 402, 165
0, 0, 402, 165
0, 0, 402, 165
0, 0, 402, 165
0, 0, 402, 165
0, 0, 402, 165
0, 0, 402, 165
0, 0, 402, 165
386, 165, 16, 0
386, 165, 16, 0
386, 165, 16, 0
386, 165, 16, 0
0, 0, 402, 165
386, 165, 16, 0
0, 0, 402, 165
0, 0, 402, 165
387, 165, 15, 0
387, 165, 15, 0
1, 0, 401, 165
1, 0, 401, 165
1, 0, 401, 165
92, 34, 310, 131
92, 34, 310, 131
0, 1, 402, 164
0, 1, 402, 164
0, 1, 402, 164
0, 1, 402, 164
0, 1, 402, 164
0, 1, 402, 164
0, 1, 402, 164
5, 1, 397, 164
67, 32, 335, 133
217, 95, 185, 70
66, 33, 336, 132
66, 33, 336, 132
66, 33, 336, 132
66, 33, 336, 132
0, 0, 402, 165
0, 0, 402, 165
69, 32, 333, 133
69, 32, 333, 133
69, 32, 333, 133
69, 32, 333, 133
0, 0, 402, 165
0, 0, 402, 165
0, 0, 402, 165
1, 4, 401, 161
383, 164, 19, 1
383, 164, 19, 1
383, 164, 19, 1
383, 164, 19, 1
9, 2, 393, 163
9, 2, 393, 163
9, 2, 393, 163
9, 2, 393, 163
9, 2, 393, 163
5, 1, 397, 164
83, 35, 319, 130
83, 35, 319, 130
83, 35, 319, 130
299, 128, 103, 37
299, 128, 103, 37
82, 33, 320, 132
0, 0, 402, 165
82, 33, 320, 132
82, 33, 320, 132
82, 33, 320, 132
299, 128, 103, 37
299, 128, 103, 37
299, 128, 103, 37
299, 128, 103, 37
83, 34, 319, 131
83, 34, 319, 131
83, 34, 319, 131
2, 0, 400, 165
83, 34, 319, 131
83, 34, 319, 131
2, 33, 400, 132
2, 33, 400, 132
0, 0, 402, 165
81, 1, 321, 164
81, 1, 321, 164
81, 1, 321, 164
83, 34, 319, 131
367, 163, 35, 2
365, 165, 37, 0
1, 1, 401, 164
5, 1, 397, 164
0, 0, 402, 165
0, 0, 402, 165
0, 0, 402, 165
0, 0, 402, 165
5, 1, 397, 164
0, 0, 402, 165
0, 0, 402, 165
0, 0, 402, 165
217, 95, 185, 70
217, 95, 185, 70
0, 0, 402, 165
0, 0, 402, 165
0, 0, 402, 165
0, 0, 402, 165
149, 65, 253, 100
149, 65, 253, 100
149, 65, 253, 100
149, 65, 253, 100
0, 0, 402, 165
0, 0, 402, 165
0, 0, 402, 165
0, 0, 402, 165
294, 127, 108, 38
164, 65, 238, 100
164, 65, 238, 100
164, 65, 238, 100
164, 65, 238, 100
294, 128, 108, 37
299, 128, 103, 37
0, 0, 402, 165
0, 0, 402, 165
0, 0, 402, 165
66, 33, 336, 132
66, 33, 336, 132
66, 33, 336, 132
66, 33, 336, 132
0, 0, 402, 165
0, 0, 402, 165
0, 0, 402, 165
0, 0, 402, 165
0, 0, 402, 165
0, 0, 402, 165
0, 0, 402, 165
0, 0, 402, 165
0, 0, 402, 165
0, 0, 402, 165
0, 0, 402, 165
0, 0, 402, 165
0, 0, 402, 165
0, 0, 402, 165
0, 0, 402, 165
3, 4, 399, 161
3, 4, 399, 161
3, 4, 399, 161
4, 1, 398, 164
4, 1, 398, 164
4, 1, 398, 164
0, 1, 402, 164
0, 1, 402, 164
0, 1, 402, 164
0, 1, 402, 164
0, 1, 402, 164
0, 1, 402, 164
0, 0, 402, 165
0, 1, 402, 164
0, 1, 402, 164
0, 1, 402, 164
89, 33, 313, 132
89, 33, 313, 132
89, 33, 313, 132
89, 33, 313, 132
383, 164, 19, 1
383, 164, 19, 1
383, 164, 19, 1
383, 164, 19, 1
81, 35, 321, 130
81, 35, 321, 130
4, 1, 398, 164
4, 1, 398, 164
364, 161, 38, 4
364, 161, 38, 4
385, 165, 17, 0
385, 165, 17, 0
385, 165, 17, 0
385, 165, 17, 0
385, 165, 17, 0
385, 165, 17, 0
0, 0, 402, 165
0, 0, 402, 165
81, 35, 321, 130
81, 35, 321, 130
0, 0, 402, 165
81, 35, 321, 130
81, 35, 321, 130
0, 0, 402, 165
0, 0, 402, 165
81, 35, 321, 130
81, 35, 321, 130
0, 0, 402, 165
0, 0, 402, 165
364, 161, 38, 4
364, 161, 38, 4
361, 161, 41, 4
361, 161, 41, 4
0, 0, 402, 165
0, 0, 402, 165
364, 161, 38, 4
364, 161, 38, 4
0, 0, 402, 165
0, 0, 402, 165
0, 0, 402, 165
0, 0, 402, 165
157, 67, 245, 98
157, 67, 245, 98
4, 1, 398, 164
4, 1, 398, 164
4, 1, 398, 164
77, 35, 325, 130
77, 35, 325, 130
77, 35, 325, 130
0, 0, 402, 165
0, 0, 402, 165
0, 0, 402, 165
0, 0, 402, 165
302, 130, 100, 35
387, 165, 15, 0
387, 165, 15, 0
387, 165, 15, 0
387, 165, 15, 0
387, 165, 15, 0
387, 165, 15, 0
387, 165, 15, 0
0, 0, 402, 165
0, 0, 402, 165
0, 0, 402, 165
0, 0, 402, 165
0, 0, 402, 165
0, 0, 402, 165
0, 0, 402, 165
0, 0, 402, 165
0, 0, 402, 165
0, 0, 402, 165
387, 165, 15, 0
380, 165, 22, 0
380, 165, 22, 0
380, 165, 22, 0
380, 165, 22, 0
380, 165, 22, 0
1, 0, 401, 165
1, 0, 401, 165
1, 0, 401, 165
387, 165, 15, 0
387, 165, 15, 0
387, 165, 15, 0
387, 165, 15, 0
387, 165, 15, 0
303, 130, 99, 35
303, 130, 99, 35
303, 130, 99, 35
303, 130, 99, 35
303, 130, 99, 35
1, 0, 401, 165
0, 0, 402, 165
387, 165, 15, 0
387, 165, 15, 0
387, 165, 15, 0
387, 165, 15, 0
387, 165, 15, 0
0, 0, 402, 165
387, 165, 15, 0
0, 0, 402, 165
0, 0, 402, 165
0, 0, 402, 165
387, 165, 15, 0
387, 165, 15, 0
387, 165, 15, 0
387, 165, 15, 0
303, 130, 99, 35
387, 165, 15, 0
387, 165, 15, 0
0, 0, 402, 165
0, 0, 402, 165
0, 0, 402, 165
0, 0, 402, 165
0, 0, 402, 165
0, 0, 402, 165
0, 0, 402, 165
0, 0, 402, 165
387, 165, 15, 0
387, 165, 15, 0
387, 165, 15, 0
387, 165, 15, 0
380, 165, 22, 0
380, 165, 22, 0
380, 165, 22, 0
303, 130, 99, 35
303, 130, 99, 35
387, 165, 15, 0
387, 165, 15, 0
387, 165, 15, 0
387, 165, 15, 0
387, 165, 15, 0
387, 165, 15, 0
387, 165, 15, 0
387, 165, 15, 0
387, 165, 15, 0
387, 165, 15, 0
387, 165, 15, 0
387, 165, 15, 0
303, 131, 99, 34
303, 131, 99, 34
1, 1, 401, 164
1, 1, 401, 164
303, 131, 99, 34
8, 2, 394, 163
8, 2, 394, 163
0, 1, 402, 164
303, 131, 99, 34
387, 165, 15, 0
0, 0, 402, 165
0, 0, 402, 165
0, 0, 402, 165
0, 0, 402, 165
0, 0, 402, 165
0, 0, 402, 165
0, 0, 402, 165
0, 0, 402, 165
0, 0, 402, 165
0, 0, 402, 165
0, 0, 402, 165
0, 0, 402, 165
0, 0, 402, 165
88, 35, 314, 130
88, 35, 314, 130
88, 35, 314, 130
88, 35, 314, 130
0, 0, 402, 165
0, 0, 402, 165
0, 0, 402, 165
0, 0, 402, 165
0, 0, 402, 165
0, 0, 402, 165
0, 0, 402, 165
0, 0, 402, 165
0, 0, 402, 165
0, 0, 402, 165
88, 35, 314, 130
9, 2, 393, 163
88, 35, 314, 130
88, 35, 314, 130
88, 35, 314, 130
82, 33, 320, 132
82, 33, 320, 132
82, 33, 320, 132
0, 0, 402, 165
0, 0, 402, 165
0, 0, 402, 165
0, 0, 402, 165
0, 0, 402, 165
0, 0, 402, 165
0, 0, 402, 165
0, 0, 402, 165
0, 0, 402, 165
0, 0, 402, 165
0, 0, 402, 165
0, 0, 402, 165
0, 0, 402, 165
82, 33, 320, 132
82, 33, 320, 132
82, 33, 320, 132
82, 33, 320, 132
380, 165, 22, 0
380, 165, 22, 0
0, 0, 402, 165
380, 165, 22, 0
380, 165, 22, 0
380, 165, 22, 0
0, 0, 402, 165
0, 0, 402, 165
0, 0, 402, 165
0, 0, 402, 165
0, 0, 402, 165
0, 0, 402, 165
0, 0, 402, 165
0, 0, 402, 165
0, 0, 402, 165
0, 0, 402, 165
387, 165, 15, 0
387, 165, 15, 0
387, 165, 15, 0
387, 165, 15, 0
387, 165, 15, 0
387, 165, 15, 0
387, 165, 15, 0
387, 165, 15, 0
387, 165, 15, 0
0, 0, 402, 165
387, 165, 15, 0
387, 165, 15, 0
387, 165, 15, 0
0, 0, 402, 165
387, 165, 15, 0
387, 165, 15, 0
0, 0, 402, 165
0, 0, 402, 165
0, 0, 402, 165
0, 0, 402, 165
0, 0, 402, 165
0, 0, 402, 165
387, 165, 15, 0
387, 165, 15, 0
387, 165, 15, 0
387, 165, 15, 0
387, 165, 15, 0
387, 165, 15, 0
387, 165, 15, 0
387, 165, 15, 0
387, 165, 15, 0
387, 165, 15, 0
387, 165, 15, 0
0, 0, 402, 165
0, 0, 402, 165
0, 0, 402, 165
0, 0, 402, 165
0, 0, 402, 165
0, 0, 402, 165
0, 0, 402, 165
0, 0, 402, 165
0, 0, 402, 165
0, 0, 402, 165
0, 0, 402, 165
0, 0, 402, 165
0, 0, 402, 165
0, 0, 402, 165
0, 0, 402, 165
0, 0, 402, 165
0, 0, 402, 165
0, 0, 402, 165
0, 0, 402, 165
0, 0, 402, 165
0, 0, 402, 165
0, 0, 402, 165
402, 165, 0, 0
402, 165, 0, 0
26, 7, 376, 158
26, 7, 376, 158
378, 165, 24, 0
378, 165, 24, 0
378, 165, 24, 0
380, 165, 22, 0
380, 165, 22, 0
1, 0, 401, 165
1, 0, 401, 165
380, 165, 22, 0
389, 165, 13, 0
389, 165, 13, 0
389, 165, 13, 0
389, 165, 13, 0
389, 165, 13, 0
1, 0, 401, 165
0, 0, 402, 165
0, 0, 402, 165
388, 165, 14, 0
402, 165, 0, 0
402, 165, 0, 0
26, 7, 376, 158
26, 7, 376, 158
378, 165, 24, 0
378, 165, 24, 0
378, 165, 24, 0
