1696
174, 16, 24, 0
174, 16, 24, 0
174, 16, 24, 0
174, 16, 24, 0
174, 16, 24, 0
174, 16, 24, 0
174, 16, 24, 0
174, 16, 24, 0
174, 16, 24, 0
171, 16, 27, 0
171, 16, 27, 0
171, 16, 27, 0
171, 16, 27, 0
174, 16, 24, 0
174, 16, 24, 0
174, 16, 24, 0
174, 16, 24, 0
174, 16, 24, 0
174, 16, 24, 0
174, 16, 24, 0
174, 16, 24, 0
174, 16, 24, 0
174, 16, 24, 0
174, 16, 24, 0
119, 16, 79, 0
55, 0, 143, 16
55, 0, 143, 16
174, 16, 24, 0
174, 16, 24, 0
174, 16, 24, 0
1, 0, 197, 16
1, 0, 197, 16
1, 0, 197, 16
1, 0, 197, 16
1, 0, 197, 16
1, 0, 197, 16
1, 0, 197, 16
1, 0, 197, 16
174, 16, 24, 0
174, 16, 24, 0
174, 16, 24, 0
174, 16, 24, 0
174, 16, 24, 0
174, 16, 24, 0
174, 16, 24, 0
174, 16, 24, 0
18, 0, 180, 16
156, 16, 42, 0
18, 0, 180, 16
174, 16, 24, 0
174, 16, 24, 0
174, 16, 24, 0
174, 16, 24, 0
2, 0, 196, 16
2, 0, 196, 16
172, 16, 26, 0
172, 16, 26, 0
172, 16, 26, 0
172, 16, 26, 0
172, 16, 26, 0
172, 16, 26, 0
172, 16, 26, 0
172, 16, 26, 0
172, 16, 26, 0
172, 16, 26, 0
172, 16, 26, 0
172, 16, 26, 0
172, 16, 26, 0
152, 16, 46, 0
172, 16, 26, 0
172, 16, 26, 0
172, 16, 26, 0
172, 16, 26, 0
172, 16, 26, 0
172, 16, 26, 0
172, 16, 26, 0
172, 16, 26, 0
172, 16, 26, 0
172, 16, 26, 0
171, 16, 27, 0
171, 16, 27, 0
171, 16, 27, 0
172, 16, 26, 0
172, 16, 26, 0
172, 16, 26, 0
172, 16, 26, 0
0, 0, 198, 16
172, 16, 26, 0
3, 0, 195, 16
3, 0, 195, 16
3, 0, 195, 16
3, 0, 195, 16
3, 0, 195, 16
3, 0, 195, 16
3, 0, 195, 16
3, 0, 195, 16
3, 0, 195, 16
3, 0, 195, 16
3, 0, 195, 16
172, 16, 26, 0
172, 16, 26, 0
172, 16, 26, 0
172, 16, 26, 0
3, 0, 195, 16
172, 16, 26, 0
174, 16, 24, 0
174, 16, 24, 0
174, 16, 24, 0
174, 16, 24, 0
172, 16, 26, 0
172, 16, 26, 0
172, 16, 26, 0
172, 16, 26, 0
172, 16, 26, 0
172, 16, 26, 0
172, 16, 26, 0
171, 16, 27, 0
172, 16, 26, 0
172, 16, 26, 0
172, 16, 26, 0
172, 16, 26, 0
172, 16, 26, 0
172, 16, 26, 0
172, 16, 26, 0
172, 16, 26, 0
172, 16, 26, 0
172, 16, 26, 0
172, 16, 26, 0
172, 16, 26, 0
172, 16, 26, 0
3, 0, 195, 16
172, 16, 26, 0
172, 16, 26, 0
172, 16, 26, 0
172, 16, 26, 0
172, 16, 26, 0
172, 16, 26, 0
174, 16, 24, 0
174, 16, 24, 0
16, 0, 182, 16
16, 0, 182, 16
16, 0, 182, 16
16, 0, 182, 16
16, 0, 182, 16
16, 0, 182, 16
16, 0, 182, 16
16, 0, 182, 16
16, 0, 182, 16
198, 16, 0, 0
198, 16, 0, 0
198, 16, 0, 0
198, 16, 0, 0
198, 16, 0, 0
198, 16, 0, 0
0, 0, 198, 16
0, 0, 198, 16
198, 16, 0, 0
0, 0, 198, 16
0, 0, 198, 16
198, 16, 0, 0
0, 0, 198, 16
198, 16, 0, 0
198, 16, 0, 0
198, 16, 0, 0
198, 16, 0, 0
16, 0, 182, 16
198, 16, 0, 0
165, 16, 33, 0
198, 16, 0, 0
20, 0, 178, 16
198, 16, 0, 0
198, 16, 0, 0
0, 0, 198, 16
0, 0, 198, 16
0, 0, 198, 16
0, 0, 198, 16
0, 0, 198, 16
0, 0, 198, 16
0, 0, 198, 16
198, 16, 0, 0
192, 16, 6, 0
20, 0, 178, 16
192, 16, 6, 0
187, 16, 11, 0
0, 0, 198, 16
0, 0, 198, 16
0, 0, 198, 16
0, 0, 198, 16
187, 16, 11, 0
187, 16, 11, 0
13, 0, 185, 16
13, 0, 185, 16
13, 0, 185, 16
13, 0, 185, 16
13, 0, 185, 16
13, 0, 185, 16
13, 0, 185, 16
13, 0, 185, 16
13, 0, 185, 16
13, 0, 185, 16
13, 0, 185, 16
13, 0, 185, 16
13, 0, 185, 16
13, 0, 185, 16
13, 0, 185, 16
0, 0, 198, 16
0, 0, 198, 16
0, 0, 198, 16
0, 0, 198, 16
13, 0, 185, 16
0, 0, 198, 16
0, 0, 198, 16
0, 0, 198, 16
0, 0, 198, 16
0, 0, 198, 16
13, 0, 185, 16
13, 0, 185, 16
13, 0, 185, 16
13, 0, 185, 16
0, 0, 198, 16
0, 0, 198, 16
0, 0, 198, 16
0, 0, 198, 16
0, 0, 198, 16
0, 0, 198, 16
0, 0, 198, 16
0, 0, 198, 16
13, 0, 185, 16
0, 0, 198, 16
0, 0, 198, 16
0, 0, 198, 16
0, 0, 198, 16
0, 0, 198, 16
0, 0, 198, 16
13, 0, 185, 16
13, 0, 185, 16
0, 0, 198, 16
13, 0, 185, 16
0, 0, 198, 16
0, 0, 198, 16
13, 0, 185, 16
0, 0, 198, 16
0, 0, 198, 16
0, 0, 198, 16
0, 0, 198, 16
0, 0, 198, 16
0, 0, 198, 16
0, 0, 198, 16
0, 0, 198, 16
174, 16, 24, 0
174, 16, 24, 0
174, 16, 24, 0
174, 16, 24, 0
174, 16, 24, 0
0, 0, 198, 16
0, 0, 198, 16
0, 0, 198, 16
0, 0, 198, 16
0, 0, 198, 16
174, 16, 24, 0
0, 0, 198, 16
0, 0, 198, 16
0, 0, 198, 16
0, 0, 198, 16
0, 0, 198, 16
0, 0, 198, 16
0, 0, 198, 16
0, 0, 198, 16
0, 0, 198, 16
0, 0, 198, 16
0, 0, 198, 16
0, 0, 198, 16
0, 0, 198, 16
0, 0, 198, 16
0, 0, 198, 16
174, 16, 24, 0
0, 0, 198, 16
0, 0, 198, 16
198, 16, 0, 0
198, 16, 0, 0
0, 0, 198, 16
0, 0, 198, 16
2, 0, 196, 16
2, 0, 196, 16
2, 0, 196, 16
2, 0, 196, 16
2, 0, 196, 16
2, 0, 196, 16
2, 0, 196, 16
2, 0, 196, 16
2, 0, 196, 16
2, 0, 196, 16
2, 0, 196, 16
2, 0, 196, 16
2, 0, 196, 16
2, 0, 196, 16
2, 0, 196, 16
2, 0, 196, 16
2, 0, 196, 16
2, 0, 196, 16
2, 0, 196, 16
2, 0, 196, 16
2, 0, 196, 16
198, 16, 0, 0
198, 16, 0, 0
198, 16, 0, 0
198, 16, 0, 0
198, 16, 0, 0
198, 16, 0, 0
198, 16, 0, 0
198, 16, 0, 0
198, 16, 0, 0
198, 16, 0, 0
196, 16, 2, 0
198, 16, 0, 0
198, 16, 0, 0
198, 16, 0, 0
0, 0, 198, 16
198, 16, 0, 0
0, 0, 198, 16
198, 16, 0, 0
198, 16, 0, 0
198, 16, 0, 0
187, 16, 11, 0
0, 0, 198, 16
0, 0, 198, 16
0, 0, 198, 16
2, 0, 196, 16
13, 0, 185, 16
74, 8, 124, 8
2, 0, 196, 16
2, 0, 196, 16
74, 8, 124, 8
75, 8, 123, 8
0, 0, 198, 16
0, 0, 198, 16
0, 0, 198, 16
0, 0, 198, 16
0, 0, 198, 16
0, 0, 198, 16
3, 0, 195, 16
3, 0, 195, 16
66, 16, 132, 0
2, 0, 196, 16
0, 0, 198, 16
0, 0, 198, 16
0, 0, 198, 16
139, 16, 59, 0
139, 16, 59, 0
0, 0, 198, 16
0, 0, 198, 16
192, 16, 6, 0
192, 16, 6, 0
0, 0, 198, 16
192, 16, 6, 0
192, 16, 6, 0
20, 0, 178, 16
20, 0, 178, 16
20, 0, 178, 16
172, 16, 26, 0
190, 16, 8, 0
0, 0, 198, 16
172, 16, 26, 0
172, 16, 26, 0
0, 0, 198, 16
0, 0, 198, 16
0, 0, 198, 16
172, 16, 26, 0
172, 16, 26, 0
172, 16, 26, 0
172, 16, 26, 0
172, 16, 26, 0
1, 0, 197, 16
171, 16, 27, 0
171, 16, 27, 0
171, 16, 27, 0
171, 16, 27, 0
171, 16, 27, 0
171, 16, 27, 0
14, 0, 184, 16
13, 0, 185, 16
0, 0, 198, 16
170, 16, 28, 0
170, 16, 28, 0
1, 0, 197, 16
1, 0, 197, 16
0, 0, 198, 16
0, 0, 198, 16
169, 16, 29, 0
65, 16, 133, 0
0, 0, 198, 16
65, 16, 133, 0
65, 16, 133, 0
65, 16, 133, 0
20, 0, 178, 16
20, 0, 178, 16
20, 0, 178, 16
3, 0, 195, 16
3, 0, 195, 16
3, 0, 195, 16
3, 0, 195, 16
0, 0, 198, 16
3, 0, 195, 16
20, 0, 178, 16
0, 0, 198, 16
0, 0, 198, 16
20, 0, 178, 16
0, 0, 198, 16
0, 0, 198, 16
20, 0, 178, 16
20, 0, 178, 16
20, 0, 178, 16
2, 0, 196, 16
18, 0, 180, 16
0, 0, 198, 16
20, 0, 178, 16
20, 0, 178, 16
0, 0, 198, 16
0, 0, 198, 16
0, 0, 198, 16
0, 0, 198, 16
20, 0, 178, 16
20, 0, 178, 16
20, 0, 178, 16
2, 0, 196, 16
2, 0, 196, 16
0, 0, 198, 16
0, 0, 198, 16
20, 0, 178, 16
2, 0, 196, 16
18, 0, 180, 16
17, 0, 181, 16
0, 0, 198, 16
19, 0, 179, 16
1, 0, 197, 16
19, 0, 179, 16
0, 0, 198, 16
0, 0, 198, 16
19, 0, 179, 16
0, 0, 198, 16
0, 0, 198, 16
0, 0, 198, 16
0, 0, 198, 16
19, 0, 179, 16
19, 0, 179, 16
0, 0, 198, 16
19, 0, 179, 16
0, 0, 198, 16
0, 0, 198, 16
19, 0, 179, 16
1, 0, 197, 16
0, 0, 198, 16
1, 0, 197, 16
0, 0, 198, 16
1, 0, 197, 16
1, 0, 197, 16
1, 0, 197, 16
1, 0, 197, 16
19, 0, 179, 16
17, 0, 181, 16
18, 0, 180, 16
18, 0, 180, 16
18, 0, 180, 16
0, 0, 198, 16
18, 0, 180, 16
18, 0, 180, 16
18, 0, 180, 16
0, 0, 198, 16
0, 0, 198, 16
18, 0, 180, 16
18, 0, 180, 16
18, 0, 180, 16
1, 0, 197, 16
1, 0, 197, 16
1, 0, 197, 16
1, 0, 197, 16
17, 0, 181, 16
0, 0, 198, 16
0, 0, 198, 16
0, 0, 198, 16
0, 0, 198, 16
0, 0, 198, 16
0, 0, 198, 16
17, 0, 181, 16
0, 0, 198, 16
0, 0, 198, 16
0, 0, 198, 16
0, 0, 198, 16
0, 0, 198, 16
0, 0, 198, 16
0, 0, 198, 16
0, 0, 198, 16
0, 0, 198, 16
0, 0, 198, 16
0, 0, 198, 16
0, 0, 198, 16
20, 0, 178, 16
20, 0, 178, 16
20, 0, 178, 16
17, 0, 181, 16
3, 0, 195, 16
18, 0, 180, 16
18, 0, 180, 16
18, 0, 180, 16
18, 0, 180, 16
18, 0, 180, 16
17, 0, 181, 16
1, 0, 197, 16
18, 0, 180, 16
18, 0, 180, 16
18, 0, 180, 16
18, 0, 180, 16
1, 0, 197, 16
18, 0, 180, 16
17, 0, 181, 16
20, 0, 178, 16
20, 0, 178, 16
20, 0, 178, 16
20, 0, 178, 16
0, 0, 198, 16
0, 0, 198, 16
0, 0, 198, 16
0, 0, 198, 16
0, 0, 198, 16
0, 0, 198, 16
0, 0, 198, 16
0, 0, 198, 16
0, 0, 198, 16
0, 0, 198, 16
0, 0, 198, 16
0, 0, 198, 16
0, 0, 198, 16
0, 0, 198, 16
0, 0, 198, 16
0, 0, 198, 16
0, 0, 198, 16
0, 0, 198, 16
0, 0, 198, 16
0, 0, 198, 16
18, 0, 180, 16
18, 0, 180, 16
18, 0, 180, 16
18, 0, 180, 16
1, 0, 197, 16
0, 0, 198, 16
0, 0, 198, 16
1, 0, 197, 16
1, 0, 197, 16
0, 0, 198, 16
1, 0, 197, 16
17, 0, 181, 16
0, 0, 198, 16
0, 0, 198, 16
0, 0, 198, 16
0, 0, 198, 16
17, 0, 181, 16
17, 0, 181, 16
18, 0, 180, 16
16, 0, 182, 16
16, 0, 182, 16
16, 0, 182, 16
16, 0, 182, 16
16, 0, 182, 16
16, 0, 182, 16
16, 0, 182, 16
16, 0, 182, 16
16, 0, 182, 16
12, 0, 186, 16
12, 0, 186, 16
0, 0, 198, 16
0, 0, 198, 16
0, 0, 198, 16
12, 0, 186, 16
12, 0, 186, 16
12, 0, 186, 16
0, 0, 198, 16
0, 0, 198, 16
0, 0, 198, 16
12, 0, 186, 16
0, 0, 198, 16
0, 0, 198, 16
0, 0, 198, 16
12, 0, 186, 16
0, 0, 198, 16
0, 0, 198, 16
0, 0, 198, 16
12, 0, 186, 16
12, 0, 186, 16
12, 0, 186, 16
12, 0, 186, 16
12, 0, 186, 16
12, 0, 186, 16
12, 0, 186, 16
12, 0, 186, 16
0, 0, 198, 16
0, 0, 198, 16
0, 0, 198, 16
0, 0, 198, 16
12, 0, 186, 16
0, 0, 198, 16
0, 0, 198, 16
0, 0, 198, 16
0, 0, 198, 16
0, 0, 198, 16
12, 0, 186, 16
3, 0, 195, 16
3, 0, 195, 16
0, 0, 198, 16
0, 0, 198, 16
0, 0, 198, 16
0, 0, 198, 16
0, 0, 198, 16
0, 0, 198, 16
11, 0, 187, 16
0, 0, 198, 16
11, 0, 187, 16
11, 0, 187, 16
5, 0, 193, 16
2, 0, 196, 16
2, 0, 196, 16
2, 0, 196, 16
2, 0, 196, 16
3, 0, 195, 16
1, 0, 197, 16
1, 0, 197, 16
2, 0, 196, 16
1, 0, 197, 16
1, 0, 197, 16
1, 0, 197, 16
15, 0, 183, 16
1, 0, 197, 16
0, 0, 198, 16
0, 0, 198, 16
0, 0, 198, 16
1, 0, 197, 16
1, 0, 197, 16
0, 0, 198, 16
0, 0, 198, 16
17, 0, 181, 16
17, 0, 181, 16
17, 0, 181, 16
17, 0, 181, 16
17, 0, 181, 16
17, 0, 181, 16
17, 0, 181, 16
17, 0, 181, 16
18, 0, 180, 16
18, 0, 180, 16
18, 0, 180, 16
0, 0, 198, 16
0, 0, 198, 16
0, 0, 198, 16
0, 0, 198, 16
0, 0, 198, 16
0, 0, 198, 16
0, 0, 198, 16
0, 0, 198, 16
0, 0, 198, 16
0, 0, 198, 16
0, 0, 198, 16
0, 0, 198, 16
0, 0, 198, 16
0, 0, 198, 16
0, 0, 198, 16
0, 0, 198, 16
0, 0, 198, 16
0, 0, 198, 16
0, 0, 198, 16
0, 0, 198, 16
0, 0, 198, 16
0, 0, 198, 16
0, 0, 198, 16
0, 0, 198, 16
0, 0, 198, 16
0, 0, 198, 16
17, 0, 181, 16
17, 0, 181, 16
17, 0, 181, 16
17, 0, 181, 16
0, 0, 198, 16
0, 0, 198, 16
17, 0, 181, 16
17, 0, 181, 16
17, 0, 181, 16
0, 0, 198, 16
0, 0, 198, 16
0, 0, 198, 16
17, 0, 181, 16
17, 0, 181, 16
0, 0, 198, 16
0, 0, 198, 16
17, 0, 181, 16
17, 0, 181, 16
17, 0, 181, 16
17, 0, 181, 16
0, 0, 198, 16
0, 0, 198, 16
17, 0, 181, 16
3, 0, 195, 16
3, 0, 195, 16
3, 0, 195, 16
0, 0, 198, 16
0, 0, 198, 16
0, 0, 198, 16
3, 0, 195, 16
3, 0, 195, 16
3, 0, 195, 16
3, 0, 195, 16
3, 0, 195, 16
3, 0, 195, 16
3, 0, 195, 16
3, 0, 195, 16
3, 0, 195, 16
0, 0, 198, 16
0, 0, 198, 16
3, 0, 195, 16
198, 16, 0, 0
198, 16, 0, 0
198, 16, 0, 0
198, 16, 0, 0
2, 0, 196, 16
2, 0, 196, 16
0, 0, 198, 16
0, 0, 198, 16
2, 0, 196, 16
0, 0, 198, 16
12, 0, 186, 16
12, 0, 186, 16
12, 0, 186, 16
12, 0, 186, 16
12, 0, 186, 16
12, 0, 186, 16
0, 0, 198, 16
0, 0, 198, 16
0, 0, 198, 16
12, 0, 186, 16
12, 0, 186, 16
12, 0, 186, 16
12, 0, 186, 16
12, 0, 186, 16
12, 0, 186, 16
0, 0, 198, 16
12, 0, 186, 16
12, 0, 186, 16
12, 0, 186, 16
12, 0, 186, 16
12, 0, 186, 16
12, 0, 186, 16
12, 0, 186, 16
12, 0, 186, 16
12, 0, 186, 16
0, 0, 198, 16
12, 0, 186, 16
0, 0, 198, 16
12, 0, 186, 16
12, 0, 186, 16
12, 0, 186, 16
12, 0, 186, 16
12, 0, 186, 16
12, 0, 186, 16
12, 0, 186, 16
12, 0, 186, 16
12, 0, 186, 16
12, 0, 186, 16
12, 0, 186, 16
12, 0, 186, 16
12, 0, 186, 16
12, 0, 186, 16
12, 0, 186, 16
12, 0, 186, 16
12, 0, 186, 16
12, 0, 186, 16
12, 0, 186, 16
12, 0, 186, 16
12, 0, 186, 16
12, 0, 186, 16
12, 0, 186, 16
12, 0, 186, 16
12, 0, 186, 16
12, 0, 186, 16
12, 0, 186, 16
12, 0, 186, 16
12, 0, 186, 16
12, 0, 186, 16
12, 0, 186, 16
12, 0, 186, 16
0, 0, 198, 16
0, 0, 198, 16
0, 0, 198, 16
12, 0, 186, 16
12, 0, 186, 16
12, 0, 186, 16
12, 0, 186, 16
12, 0, 186, 16
12, 0, 186, 16
12, 0, 186, 16
12, 0, 186, 16
12, 0, 186, 16
12, 0, 186, 16
12, 0, 186, 16
12, 0, 186, 16
12, 0, 186, 16
0, 0, 198, 16
12, 0, 186, 16
12, 0, 186, 16
12, 0, 186, 16
12, 0, 186, 16
12, 0, 186, 16
12, 0, 186, 16
12, 0, 186, 16
12, 0, 186, 16
12, 0, 186, 16
12, 0, 186, 16
12, 0, 186, 16
12, 0, 186, 16
12, 0, 186, 16
12, 0, 186, 16
12, 0, 186, 16
12, 0, 186, 16
12, 0, 186, 16
12, 0, 186, 16
12, 0, 186, 16
12, 0, 186, 16
12, 0, 186, 16
12, 0, 186, 16
12, 0, 186, 16
12, 0, 186, 16
12, 0, 186, 16
12, 0, 186, 16
12, 0, 186, 16
12, 0, 186, 16
12, 0, 186, 16
12, 0, 186, 16
12, 0, 186, 16
12, 0, 186, 16
0, 0, 198, 16
12, 0, 186, 16
12, 0, 186, 16
12, 0, 186, 16
12, 0, 186, 16
12, 0, 186, 16
12, 0, 186, 16
12, 0, 186, 16
12, 0, 186, 16
1, 0, 197, 16
1, 0, 197, 16
12, 0, 186, 16
12, 0, 186, 16
12, 0, 186, 16
12, 0, 186, 16
12, 0, 186, 16
12, 0, 186, 16
12, 0, 186, 16
12, 0, 186, 16
0, 0, 198, 16
12, 0, 186, 16
12, 0, 186, 16
12, 0, 186, 16
12, 0, 186, 16
12, 0, 186, 16
12, 0, 186, 16
12, 0, 186, 16
12, 0, 186, 16
12, 0, 186, 16
12, 0, 186, 16
12, 0, 186, 16
12, 0, 186, 16
12, 0, 186, 16
12, 0, 186, 16
12, 0, 186, 16
12, 0, 186, 16
12, 0, 186, 16
12, 0, 186, 16
12, 0, 186, 16
12, 0, 186, 16
12, 0, 186, 16
12, 0, 186, 16
12, 0, 186, 16
12, 0, 186, 16
1, 0, 197, 16
1, 0, 197, 16
1, 0, 197, 16
1, 0, 197, 16
1, 0, 197, 16
1, 0, 197, 16
1, 0, 197, 16
1, 0, 197, 16
1, 0, 197, 16
1, 0, 197, 16
1, 0, 197, 16
0, 0, 198, 16
1, 0, 197, 16
1, 0, 197, 16
1, 0, 197, 16
1, 0, 197, 16
1, 0, 197, 16
1, 0, 197, 16
1, 0, 197, 16
1, 0, 197, 16
1, 0, 197, 16
1, 0, 197, 16
1, 0, 197, 16
1, 0, 197, 16
0, 0, 198, 16
0, 0, 198, 16
0, 0, 198, 16
0, 0, 198, 16
0, 0, 198, 16
0, 0, 198, 16
0, 0, 198, 16
0, 0, 198, 16
0, 0, 198, 16
0, 0, 198, 16
0, 0, 198, 16
0, 0, 198, 16
0, 0, 198, 16
0, 0, 198, 16
0, 0, 198, 16
0, 0, 198, 16
0, 0, 198, 16
0, 0, 198, 16
0, 0, 198, 16
0, 0, 198, 16
0, 0, 198, 16
0, 0, 198, 16
0, 0, 198, 16
12, 0, 186, 16
12, 0, 186, 16
12, 0, 186, 16
12, 0, 186, 16
12, 0, 186, 16
12, 0, 186, 16
12, 0, 186, 16
12, 0, 186, 16
12, 0, 186, 16
12, 0, 186, 16
12, 0, 186, 16
12, 0, 186, 16
12, 0, 186, 16
0, 0, 198, 16
12, 0, 186, 16
12, 0, 186, 16
12, 0, 186, 16
12, 0, 186, 16
12, 0, 186, 16
12, 0, 186, 16
12, 0, 186, 16
12, 0, 186, 16
0, 0, 198, 16
0, 0, 198, 16
0, 0, 198, 16
12, 0, 186, 16
12, 0, 186, 16
12, 0, 186, 16
12, 0, 186, 16
12, 0, 186, 16
12, 0, 186, 16
12, 0, 186, 16
12, 0, 186, 16
12, 0, 186, 16
12, 0, 186, 16
12, 0, 186, 16
12, 0, 186, 16
12, 0, 186, 16
12, 0, 186, 16
12, 0, 186, 16
0, 0, 198, 16
12, 0, 186, 16
12, 0, 186, 16
12, 0, 186, 16
12, 0, 186, 16
12, 0, 186, 16
12, 0, 186, 16
12, 0, 186, 16
0, 0, 198, 16
12, 0, 186, 16
12, 0, 186, 16
12, 0, 186, 16
12, 0, 186, 16
12, 0, 186, 16
12, 0, 186, 16
12, 0, 186, 16
0, 0, 198, 16
12, 0, 186, 16
12, 0, 186, 16
12, 0, 186, 16
12, 0, 186, 16
12, 0, 186, 16
12, 0, 186, 16
12, 0, 186, 16
12, 0, 186, 16
0, 0, 198, 16
0, 0, 198, 16
0, 0, 198, 16
0, 0, 198, 16
12, 0, 186, 16
12, 0, 186, 16
0, 0, 198, 16
0, 0, 198, 16
0, 0, 198, 16
0, 0, 198, 16
0, 0, 198, 16
12, 0, 186, 16
0, 0, 198, 16
12, 0, 186, 16
12, 0, 186, 16
12, 0, 186, 16
13, 0, 185, 16
13, 0, 185, 16
13, 0, 185, 16
13, 0, 185, 16
13, 0, 185, 16
13, 0, 185, 16
13, 0, 185, 16
13, 0, 185, 16
13, 0, 185, 16
13, 0, 185, 16
13, 0, 185, 16
13, 0, 185, 16
12, 0, 186, 16
1, 0, 197, 16
1, 0, 197, 16
0, 0, 198, 16
0, 0, 198, 16
0, 0, 198, 16
13, 0, 185, 16
13, 0, 185, 16
13, 0, 185, 16
13, 0, 185, 16
13, 0, 185, 16
13, 0, 185, 16
13, 0, 185, 16
0, 0, 198, 16
13, 0, 185, 16
12, 0, 186, 16
13, 0, 185, 16
13, 0, 185, 16
0, 0, 198, 16
0, 0, 198, 16
13, 0, 185, 16
13, 0, 185, 16
0, 0, 198, 16
0, 0, 198, 16
0, 0, 198, 16
0, 0, 198, 16
0, 0, 198, 16
0, 0, 198, 16
0, 0, 198, 16
174, 16, 24, 0
174, 16, 24, 0
174, 16, 24, 0
174, 16, 24, 0
174, 16, 24, 0
174, 16, 24, 0
174, 16, 24, 0
174, 16, 24, 0
174, 16, 24, 0
174, 16, 24, 0
174, 16, 24, 0
174, 16, 24, 0
174, 16, 24, 0
174, 16, 24, 0
174, 16, 24, 0
174, 16, 24, 0
174, 16, 24, 0
174, 16, 24, 0
174, 16, 24, 0
174, 16, 24, 0
174, 16, 24, 0
174, 16, 24, 0
174, 16, 24, 0
174, 16, 24, 0
174, 16, 24, 0
174, 16, 24, 0
174, 16, 24, 0
174, 16, 24, 0
174, 16, 24, 0
174, 16, 24, 0
174, 16, 24, 0
174, 16, 24, 0
174, 16, 24, 0
174, 16, 24, 0
174, 16, 24, 0
174, 16, 24, 0
174, 16, 24, 0
174, 16, 24, 0
174, 16, 24, 0
174, 16, 24, 0
174, 16, 24, 0
174, 16, 24, 0
174, 16, 24, 0
174, 16, 24, 0
174, 16, 24, 0
174, 16, 24, 0
174, 16, 24, 0
174, 16, 24, 0
174, 16, 24, 0
174, 16, 24, 0
174, 16, 24, 0
174, 16, 24, 0
174, 16, 24, 0
174, 16, 24, 0
174, 16, 24, 0
174, 16, 24, 0
174, 16, 24, 0
174, 16, 24, 0
174, 16, 24, 0
174, 16, 24, 0
174, 16, 24, 0
174, 16, 24, 0
174, 16, 24, 0
174, 16, 24, 0
174, 16, 24, 0
174, 16, 24, 0
174, 16, 24, 0
174, 16, 24, 0
174, 16, 24, 0
174, 16, 24, 0
174, 16, 24, 0
174, 16, 24, 0
174, 16, 24, 0
174, 16, 24, 0
2, 0, 196, 16
2, 0, 196, 16
2, 0, 196, 16
2, 0, 196, 16
2, 0, 196, 16
2, 0, 196, 16
2, 0, 196, 16
2, 0, 196, 16
2, 0, 196, 16
2, 0, 196, 16
2, 0, 196, 16
2, 0, 196, 16
2, 0, 196, 16
2, 0, 196, 16
2, 0, 196, 16
2, 0, 196, 16
174, 16, 24, 0
174, 16, 24, 0
174, 16, 24, 0
174, 16, 24, 0
174, 16, 24, 0
174, 16, 24, 0
174, 16, 24, 0
174, 16, 24, 0
174, 16, 24, 0
174, 16, 24, 0
174, 16, 24, 0
174, 16, 24, 0
174, 16, 24, 0
174, 16, 24, 0
174, 16, 24, 0
174, 16, 24, 0
174, 16, 24, 0
174, 16, 24, 0
174, 16, 24, 0
174, 16, 24, 0
174, 16, 24, 0
174, 16, 24, 0
3, 0, 195, 16
3, 0, 195, 16
3, 0, 195, 16
3, 0, 195, 16
174, 16, 24, 0
174, 16, 24, 0
174, 16, 24, 0
174, 16, 24, 0
174, 16, 24, 0
174, 16, 24, 0
174, 16, 24, 0
174, 16, 24, 0
174, 16, 24, 0
174, 16, 24, 0
174, 16, 24, 0
174, 16, 24, 0
174, 16, 24, 0
174, 16, 24, 0
174, 16, 24, 0
174, 16, 24, 0
174, 16, 24, 0
174, 16, 24, 0
174, 16, 24, 0
174, 16, 24, 0
174, 16, 24, 0
174, 16, 24, 0
174, 16, 24, 0
174, 16, 24, 0
174, 16, 24, 0
174, 16, 24, 0
174, 16, 24, 0
174, 16, 24, 0
174, 16, 24, 0
174, 16, 24, 0
171, 16, 27, 0
171, 16, 27, 0
174, 16, 24, 0
170, 16, 28, 0
172, 16, 26, 0
174, 16, 24, 0
174, 16, 24, 0
174, 16, 24, 0
174, 16, 24, 0
171, 16, 27, 0
174, 16, 24, 0
174, 16, 24, 0
170, 16, 28, 0
170, 16, 28, 0
170, 16, 28, 0
170, 16, 28, 0
170, 16, 28, 0
170, 16, 28, 0
170, 16, 28, 0
170, 16, 28, 0
170, 16, 28, 0
170, 16, 28, 0
170, 16, 28, 0
170, 16, 28, 0
170, 16, 28, 0
170, 16, 28, 0
170, 16, 28, 0
170, 16, 28, 0
170, 16, 28, 0
170, 16, 28, 0
168, 16, 30, 0
170, 16, 28, 0
170, 16, 28, 0
170, 16, 28, 0
170, 16, 28, 0
170, 16, 28, 0
170, 16, 28, 0
170, 16, 28, 0
174, 16, 24, 0
174, 16, 24, 0
174, 16, 24, 0
174, 16, 24, 0
174, 16, 24, 0
174, 16, 24, 0
174, 16, 24, 0
174, 16, 24, 0
170, 16, 28, 0
170, 16, 28, 0
170, 16, 28, 0
170, 16, 28, 0
170, 16, 28, 0
170, 16, 28, 0
170, 16, 28, 0
170, 16, 28, 0
170, 16, 28, 0
174, 16, 24, 0
174, 16, 24, 0
174, 16, 24, 0
174, 16, 24, 0
174, 16, 24, 0
174, 16, 24, 0
174, 16, 24, 0
174, 16, 24, 0
174, 16, 24, 0
174, 16, 24, 0
174, 16, 24, 0
1, 0, 197, 16
1, 0, 197, 16
1, 0, 197, 16
1, 0, 197, 16
173, 16, 25, 0
3, 0, 195, 16
3, 0, 195, 16
3, 0, 195, 16
170, 16, 28, 0
170, 16, 28, 0
170, 16, 28, 0
170, 16, 28, 0
174, 16, 24, 0
174, 16, 24, 0
174, 16, 24, 0
174, 16, 24, 0
174, 16, 24, 0
172, 16, 26, 0
172, 16, 26, 0
172, 16, 26, 0
172, 16, 26, 0
172, 16, 26, 0
172, 16, 26, 0
172, 16, 26, 0
172, 16, 26, 0
172, 16, 26, 0
172, 16, 26, 0
172, 16, 26, 0
171, 16, 27, 0
171, 16, 27, 0
172, 16, 26, 0
144, 8, 54, 8
144, 8, 54, 8
144, 8, 54, 8
144, 8, 54, 8
144, 8, 54, 8
144, 8, 54, 8
172, 16, 26, 0
173, 16, 25, 0
173, 16, 25, 0
173, 16, 25, 0
173, 16, 25, 0
173, 16, 25, 0
173, 16, 25, 0
171, 16, 27, 0
171, 16, 27, 0
171, 16, 27, 0
171, 16, 27, 0
171, 16, 27, 0
171, 16, 27, 0
171, 16, 27, 0
171, 16, 27, 0
171, 16, 27, 0
171, 16, 27, 0
171, 16, 27, 0
171, 16, 27, 0
171, 16, 27, 0
171, 16, 27, 0
171, 16, 27, 0
170, 16, 28, 0
170, 16, 28, 0
171, 16, 27, 0
171, 16, 27, 0
173, 16, 25, 0
173, 16, 25, 0
0, 0, 198, 16
0, 0, 198, 16
0, 0, 198, 16
0, 0, 198, 16
0, 0, 198, 16
0, 0, 198, 16
0, 0, 198, 16
0, 0, 198, 16
0, 0, 198, 16
1, 0, 197, 16
1, 0, 197, 16
1, 0, 197, 16
1, 0, 197, 16
0, 0, 198, 16
1, 0, 197, 16
1, 0, 197, 16
1, 0, 197, 16
0, 0, 198, 16
0, 0, 198, 16
0, 0, 198, 16
1, 0, 197, 16
1, 0, 197, 16
1, 0, 197, 16
1, 0, 197, 16
1, 0, 197, 16
1, 0, 197, 16
1, 0, 197, 16
1, 0, 197, 16
1, 0, 197, 16
1, 0, 197, 16
1, 0, 197, 16
1, 0, 197, 16
1, 0, 197, 16
1, 0, 197, 16
1, 0, 197, 16
1, 0, 197, 16
1, 0, 197, 16
1, 0, 197, 16
1, 0, 197, 16
0, 0, 198, 16
1, 0, 197, 16
1, 0, 197, 16
1, 0, 197, 16
1, 0, 197, 16
1, 0, 197, 16
1, 0, 197, 16
1, 0, 197, 16
1, 0, 197, 16
0, 0, 198, 16
1, 0, 197, 16
1, 0, 197, 16
1, 0, 197, 16
1, 0, 197, 16
1, 0, 197, 16
1, 0, 197, 16
1, 0, 197, 16
1, 0, 197, 16
0, 0, 198, 16
0, 0, 198, 16
0, 0, 198, 16
0, 0, 198, 16
0, 0, 198, 16
0, 0, 198, 16
1, 0, 197, 16
1, 0, 197, 16
1, 0, 197, 16
1, 0, 197, 16
0, 0, 198, 16
0, 0, 198, 16
0, 0, 198, 16
0, 0, 198, 16
1, 0, 197, 16
1, 0, 197, 16
1, 0, 197, 16
1, 0, 197, 16
1, 0, 197, 16
1, 0, 197, 16
1, 0, 197, 16
1, 0, 197, 16
1, 0, 197, 16
1, 0, 197, 16
1, 0, 197, 16
1, 0, 197, 16
1, 0, 197, 16
1, 0, 197, 16
1, 0, 197, 16
1, 0, 197, 16
1, 0, 197, 16
1, 0, 197, 16
1, 0, 197, 16
1, 0, 197, 16
1, 0, 197, 16
1, 0, 197, 16
1, 0, 197, 16
1, 0, 197, 16
1, 0, 197, 16
1, 0, 197, 16
1, 0, 197, 16
1, 0, 197, 16
1, 0, 197, 16
1, 0, 197, 16
1, 0, 197, 16
1, 0, 197, 16
1, 0, 197, 16
1, 0, 197, 16
1, 0, 197, 16
0, 0, 198, 16
1, 0, 197, 16
1, 0, 197, 16
1, 0, 197, 16
1, 0, 197, 16
1, 0, 197, 16
0, 0, 198, 16
1, 0, 197, 16
1, 0, 197, 16
1, 0, 197, 16
1, 0, 197, 16
1, 0, 197, 16
1, 0, 197, 16
1, 0, 197, 16
1, 0, 197, 16
1, 0, 197, 16
1, 0, 197, 16
1, 0, 197, 16
1, 0, 197, 16
1, 0, 197, 16
1, 0, 197, 16
1, 0, 197, 16
1, 0, 197, 16
1, 0, 197, 16
1, 0, 197, 16
1, 0, 197, 16
1, 0, 197, 16
1, 0, 197, 16
1, 0, 197, 16
1, 0, 197, 16
1, 0, 197, 16
1, 0, 197, 16
1, 0, 197, 16
1, 0, 197, 16
1, 0, 197, 16
1, 0, 197, 16
1, 0, 197, 16
1, 0, 197, 16
1, 0, 197, 16
1, 0, 197, 16
1, 0, 197, 16
1, 0, 197, 16
1, 0, 197, 16
1, 0, 197, 16
1, 0, 197, 16
1, 0, 197, 16
1, 0, 197, 16
1, 0, 197, 16
1, 0, 197, 16
1, 0, 197, 16
1, 0, 197, 16
1, 0, 197, 16
0, 0, 198, 16
1, 0, 197, 16
2, 0, 196, 16
2, 0, 196, 16
2, 0, 196, 16
2, 0, 196, 16
2, 0, 196, 16
0, 0, 198, 16
0, 0, 198, 16
0, 0, 198, 16
2, 0, 196, 16
2, 0, 196, 16
0, 0, 198, 16
0, 0, 198, 16
0, 0, 198, 16
2, 0, 196, 16
0, 0, 198, 16
0, 0, 198, 16
0, 0, 198, 16
2, 0, 196, 16
2, 0, 196, 16
2, 0, 196, 16
13, 0, 185, 16
13, 0, 185, 16
13, 0, 185, 16
13, 0, 185, 16
13, 0, 185, 16
13, 0, 185, 16
13, 0, 185, 16
2, 0, 196, 16
2, 0, 196, 16
13, 0, 185, 16
13, 0, 185, 16
13, 0, 185, 16
0, 0, 198, 16
13, 0, 185, 16
0, 0, 198, 16
0, 0, 198, 16
0, 0, 198, 16
0, 0, 198, 16
0, 0, 198, 16
0, 0, 198, 16
0, 0, 198, 16
0, 0, 198, 16
0, 0, 198, 16
0, 0, 198, 16
0, 0, 198, 16
13, 0, 185, 16
11, 0, 187, 16
11, 0, 187, 16
11, 0, 187, 16
11, 0, 187, 16
2, 0, 196, 16
0, 0, 198, 16
0, 0, 198, 16
0, 0, 198, 16
0, 0, 198, 16
13, 0, 185, 16
0, 0, 198, 16
13, 0, 185, 16
0, 0, 198, 16
13, 0, 185, 16
0, 0, 198, 16
0, 0, 198, 16
0, 0, 198, 16
0, 0, 198, 16
0, 0, 198, 16
0, 0, 198, 16
13, 0, 185, 16
13, 0, 185, 16
188, 16, 10, 0
188, 16, 10, 0
187, 16, 11, 0
186, 16, 12, 0
186, 16, 12, 0
186, 16, 12, 0
186, 16, 12, 0
188, 16, 10, 0
188, 16, 10, 0
191, 16, 7, 0
191, 16, 7, 0
191, 16, 7, 0
191, 16, 7, 0
191, 16, 7, 0
16, 0, 182, 16
16, 0, 182, 16
16, 0, 182, 16
16, 0, 182, 16
16, 0, 182, 16
16, 0, 182, 16
16, 0, 182, 16
16, 0, 182, 16
1, 0, 197, 16
16, 0, 182, 16
16, 0, 182, 16
16, 0, 182, 16
174, 16, 24, 0
174, 16, 24, 0
174, 16, 24, 0
174, 16, 24, 0
174, 16, 24, 0
14, 0, 184, 16
14, 0, 184, 16
14, 0, 184, 16
14, 0, 184, 16
11, 0, 187, 16
14, 0, 184, 16
14, 0, 184, 16
186, 16, 12, 0
186, 16, 12, 0
0, 0, 198, 16
0, 0, 198, 16
0, 0, 198, 16
0, 0, 198, 16
186, 16, 12, 0
18, 0, 180, 16
18, 0, 180, 16
18, 0, 180, 16
198, 16, 0, 0
198, 16, 0, 0
198, 16, 0, 0
198, 16, 0, 0
198, 16, 0, 0
198, 16, 0, 0
198, 16, 0, 0
198, 16, 0, 0
0, 0, 198, 16
0, 0, 198, 16
0, 0, 198, 16
0, 0, 198, 16
0, 0, 198, 16
0, 0, 198, 16
0, 0, 198, 16
0, 0, 198, 16
0, 0, 198, 16
0, 0, 198, 16
0, 0, 198, 16
0, 0, 198, 16
0, 0, 198, 16
0, 0, 198, 16
0, 0, 198, 16
0, 0, 198, 16
0, 0, 198, 16
0, 0, 198, 16
0, 0, 198, 16
0, 0, 198, 16
0, 0, 198, 16
0, 0, 198, 16
0, 0, 198, 16
0, 0, 198, 16
1, 0, 197, 16
1, 0, 197, 16
1, 0, 197, 16
0, 0, 198, 16
0, 0, 198, 16
0, 0, 198, 16
0, 0, 198, 16
1, 0, 197, 16
1, 0, 197, 16
1, 0, 197, 16
0, 0, 198, 16
1, 0, 197, 16
1, 0, 197, 16
0, 0, 198, 16
0, 0, 198, 16
0, 0, 198, 16
0, 0, 198, 16
0, 0, 198, 16
0, 0, 198, 16
66, 16, 132, 0
66, 16, 132, 0
0, 0, 198, 16
66, 16, 132, 0
66, 16, 132, 0
0, 0, 198, 16
66, 16, 132, 0
0, 0, 198, 16
0, 0, 198, 16
66, 16, 132, 0
66, 16, 132, 0
0, 0, 198, 16
0, 0, 198, 16
0, 0, 198, 16
0, 0, 198, 16
174, 16, 24, 0
174, 16, 24, 0
174, 16, 24, 0
174, 16, 24, 0
174, 16, 24, 0
174, 16, 24, 0
174, 16, 24, 0
174, 16, 24, 0
174, 16, 24, 0
174, 16, 24, 0
174, 16, 24, 0
174, 16, 24, 0
0, 0, 198, 16
174, 16, 24, 0
174, 16, 24, 0
174, 16, 24, 0
174, 16, 24, 0
174, 16, 24, 0
174, 16, 24, 0
174, 16, 24, 0
174, 16, 24, 0
174, 16, 24, 0
0, 0, 198, 16
0, 0, 198, 16
0, 0, 198, 16
174, 16, 24, 0
174, 16, 24, 0
174, 16, 24, 0
174, 16, 24, 0
174, 16, 24, 0
174, 16, 24, 0
174, 16, 24, 0
174, 16, 24, 0
174, 16, 24, 0
174, 16, 24, 0
172, 16, 26, 0
172, 16, 26, 0
172, 16, 26, 0
